0
0.0900900900901 0.00149486121536 7.93792149403 25.3
0.0720720720721 0.00150123589006 8.60090151003 28.1
1
0.0909090909091 0.00140786797912 7.86664906258 25.3
0.0826446280992 0.00147658012348 9.39609710768 38.3
2
0.0746268656716 0.00108382552125 6.84817976804 82.2
0.0671641791045 0.00147326343693 9.43855462565 46.7
3
0.16 0.00205672504275 7.79771147652 37.3
0.106666666667 0.00168642018987 7.54580645161 31.8
4
0.112359550562 0.00151257063466 9.13364297254 58.1
0.14606741573 0.00165965371872 10.6411378978 101.8
5
0.149253731343 0.00305477741313 8.37183711532 28.8
0.119402985075 0.00210956538729 8.75233780355 28.2
6
0.135416666667 0.00256685240875 8.56125578 36.6
0.104166666667 0.00189427442656 9.52145380435 30.4