/Users/chuwenjie/tensorflow3/bin/python /Users/chuwenjie/PycharmProjects/TrafficSigOpt/GBFAPSO.py
[0.9968739323336114, 1.102261784749836, 1.084408148370301, 0.661290437754468, 1.0980409119098715, 0.3152660307023609, 0.8714189818836394]
[[0.1699737709346854, 0.5538188512964508, 0.19122049230152108, 0.0849868854673427], [0.19993438978700856, 0.5801377814472821, 0.07997375591480342, 0.139954072850906], [0.10866805740893047, 0.6196617990687434, 0.27167014352232616], [0.06518816404482862, 0.4133065235965425, 0.2607526561793145, 0.06518816404482862, 0.19556449213448585], [0.22408887861166454, 0.6862755699436697, 0.08963555144466583], [0.10532547253543321, 0.26272169225196745, 0.21065094507086643, 0.42130189014173286], [0.2059406564089716, 0.6224421299168853, 0.17161721367414304]]
[0.9968739323336114, 1.102261784749836, 1.084408148370301, 0.661290437754468, 1.0980409119098715, 0.3152660307023609, 0.8714189818836394]
[[0.1699737709346854, 0.5538188512964508, 0.19122049230152108, 0.0849868854673427], [0.19993438978700856, 0.5801377814472821, 0.07997375591480342, 0.139954072850906], [0.10866805740893047, 0.6196617990687434, 0.27167014352232616], [0.06518816404482862, 0.4133065235965425, 0.2607526561793145, 0.06518816404482862, 0.19556449213448585], [0.22408887861166454, 0.6862755699436697, 0.08963555144466583], [0.10532547253543321, 0.26272169225196745, 0.21065094507086643, 0.42130189014173286], [0.2059406564089716, 0.6224421299168853, 0.17161721367414304]]
[1.1599604367782783, 0.6264992293281618, 1.1675550117185283, 0.7503432467165916, 0.2799384324100564, 0.806744907463769, 0.7356911801830485]
[[0.1354581086183538, 0.6444224648768213, 0.152390372195648, 0.0677290543091769], [0.31917312548166377, 0.32973643648850626, 0.1276692501926655, 0.2234211878371646], [0.09509305931126072, 0.6671742924105876, 0.23773264827815174], [0.059003941200236706, 0.4689645291978697, 0.23601576480094683, 0.059003941200236706, 0.17701182360071013], [0.5893131998169391, 0.17496152025628525, 0.23572527992677567], [0.046816082444789395, 0.6722874228864743, 0.09363216488957879, 0.18726432977915758], [0.2588216181105006, 0.5254937001307489, 0.21568468175875047]]
[0.7644300683931635, 0.911343710000287, 0.6085672928082931, 0.5768180218065709, 0.7197551417128158, 0.4024059081733418, 0.489705347346211]
[[0.21916823949351036, 0.42468337132953526, 0.24656426943019916, 0.10958411974675518], [0.2477835313282489, 0.4796545842106774, 0.09911341253129956, 0.17344847192977422], [0.1863563603578297, 0.3477527387475961, 0.4658909008945743], [0.07105430404121037, 0.36051126362910685, 0.28421721616484147, 0.07105430404121037, 0.21316291212363106], [0.39296645459249296, 0.4498469635705099, 0.15718658183699719], [0.09495167759841168, 0.3353382568111182, 0.18990335519682336, 0.3798067103936467], [0.3546602542806969, 0.3497895338187222, 0.2955502119005808]]
[0.6759063483205284, 0.6066489769979051, 1.2695990388940634, 0.6526703248862348, 0.999793546430129, 0.5102267828496223, 0.927813790394485]
[[0.23790341834486173, 0.375503526844738, 0.26764134563796943, 0.11895170917243086], [0.324148126065688, 0.3192889352620553, 0.1296592504262752, 0.22690368824598156], [0.07843280997647945, 0.725485165082322, 0.1960820249411986], [0.06578678299401149, 0.4079189530538967, 0.26314713197604594, 0.06578678299401149, 0.19736034898203444], [0.2679493096294068, 0.6248709665188306, 0.1071797238517627], [0.08211585918456876, 0.4251889857080186, 0.16423171836913752, 0.32846343673827505], [0.18396865309305777, 0.6627241359960607, 0.15330721091088148]]
[1.3411843164552946, 1.0884629965745516, 1.3527577376531954, 0.5807497892564424, 0.9814746280384722, 0.7691899127316716, 0.8834105670332485]
[[0.09710384836924983, 0.7451023980307192, 0.10924182941540604, 0.048551924184624916], [0.20339273268808233, 0.5728752613550272, 0.08135709307523292, 0.14237491288165763], [0.06485587956682526, 0.7730044215161116, 0.16213969891706315], [0.0707812646349693, 0.3629686182852765, 0.2831250585398772, 0.0707812646349693, 0.21234379390490785], [0.2761273981971107, 0.6134216425240451, 0.11045095927884428], [0.05128691515099147, 0.6409915939430597, 0.10257383030198294, 0.2051476606039659], [0.20126861024678624, 0.6310075478808919, 0.16772384187232187]]
[0.6608722367820482, 0.3473498374563538, 0.9484083547772173, 0.3012637576069416, 0.5558809514332402, 0.8158559921241791, 0.8588769363642279]
[[0.2410852408926882, 0.36715124265669347, 0.27122089600427424, 0.1205426204463441], [0.38913537908362067, 0.18281570392439675, 0.15565415163344828, 0.27239476535853446], [0.13087210534249516, 0.541947631301267, 0.3271802633562379], [0.09019001683285129, 0.18828984850433847, 0.36076006733140514, 0.09019001683285129, 0.27057005049855387], [0.46612457525301776, 0.3474255946457751, 0.1864498301012071], [0.04573142950902629, 0.6798799934368159, 0.09146285901805258, 0.18292571803610516], [0.21082716765030077, 0.6134835259744486, 0.17568930637525065]]
[0.8177610166220599, 0.5881869617414649, 1.1825954701914347, 0.3728793522986361, 0.6622899536327176, 0.36340078348502214, 0.4135622129321986]
[[0.20788126632337356, 0.4543116759011444, 0.23386642461379525, 0.10394063316168678], [0.3287751975585302, 0.3095720851270868, 0.13151007902341208, 0.2301426382909711], [0.09263747425445963, 0.6757688401093913, 0.23159368563614907], [0.08521671164592805, 0.23304959518664756, 0.3408668465837122, 0.08521671164592805, 0.25565013493778416], [0.41862055641396545, 0.41393122102044844, 0.16744822256558617], [0.09959514482321165, 0.30283398623751845, 0.1991902896464233, 0.3983805792928466], [0.3843264105458966, 0.29540158066585614, 0.3202720087882472]]
[0.81192509794152, 0.7957776542774719, 1.003380510745861, 0.5993897601580915, 0.8491674452079208, 0.4935468322942101, 0.5888296439710813]
[[0.2091163813880381, 0.4510694988564, 0.23525592906154286, 0.10455819069401905], [0.27674745506830284, 0.4188303443565642, 0.11069898202732113, 0.19372321854781197], [0.1218970594700635, 0.5733602918547778, 0.30474264867515877], [0.06948682221124365, 0.3746186000988072, 0.2779472888449746, 0.06948682221124365, 0.20846046663373094], [0.33519310481789255, 0.5307296532549505, 0.13407724192715703], [0.0841015675840226, 0.41128902691184177, 0.1682031351680452, 0.3364062703360904], [0.3160403984528254, 0.4205926028364867, 0.26336699871068786]]
[0.7956486554487193, 1.000197875904669, 1.3316693700982534, 0.6902333828913559, 0.7394367643971931, 0.8237618465135165, 0.7237272740738371]
[[0.21256113112196418, 0.44202703080484407, 0.23913127251220967, 0.10628056556098209], [0.22551431681587245, 0.5264199346866679, 0.09020572672634898, 0.15786002177111072], [0.06829887835130558, 0.7609539257704305, 0.17074719587826392], [0.0631782372992114, 0.4313958643070974, 0.2527129491968456, 0.0631782372992114, 0.18953471189763418], [0.38418001589411027, 0.4621479777482457, 0.1536720063576441], [0.04479025636743851, 0.6864682054279304, 0.08958051273487702, 0.17916102546975404], [0.2634828802309725, 0.5169480529098837, 0.21956906685914376]]
[1.018585626622594, 0.648219234105245, 0.848753240254603, 0.7272061140135495, 1.1183811421126184, 0.18687067544635239, 0.6043165742496691]
[[0.16537870336029756, 0.565880903679219, 0.18605104128033473, 0.08268935168014878], [0.3137295152618434, 0.34116801795012897, 0.12549180610473737, 0.21961066068329035], [0.14714232812169747, 0.48500185157405884, 0.3678558203042437], [0.06061068652683685, 0.45450382125846844, 0.2424427461073474, 0.06061068652683685, 0.18183205958051052], [0.21500841869972398, 0.6989882138203865, 0.0860033674798896], [0.12061063387543423, 0.15572556287196032, 0.24122126775086847, 0.48244253550173694], [0.31000652951311586, 0.43165469589262084, 0.25833877459426324]]
[0.681085376405476, 1.2293172453130876, 1.3643867206716032, 0.4197059875288629, 1.0138121859199694, 0.548531095765485, 0.8117164047458892]
[[0.23680732774487284, 0.3783807646697089, 0.26640824371298194, 0.11840366387243642], [0.16809091596163217, 0.6470090764805725, 0.06723636638465287, 0.11766364117314251], [0.06295727009443215, 0.7796495546694875, 0.15739317523608037], [0.08196486197716231, 0.2623162422055393, 0.32785944790864924, 0.08196486197716231, 0.24589458593148691], [0.2616909884285852, 0.6336326161999808, 0.10467639537143407], [0.07755582193268036, 0.45710924647123746, 0.15511164386536072, 0.31022328773072144], [0.22920140074835482, 0.5797974319613495, 0.19100116729029568]]
[1.078692241605391, 0.8357301955678013, 0.6382049351799544, 0.8812447856802428, 0.7471506269542717, 0.8507721153398973, 1.047689188157508]
[[0.15265772664436172, 0.5992734675585505, 0.17173994247490693, 0.07632886332218086], [0.2667342868251125, 0.43985799766726386, 0.106693714730045, 0.18671400077757874], [0.1815175616032728, 0.3646885343885453, 0.4537939040081819], [0.049913556549983154, 0.5507779910501517, 0.19965422619993262, 0.049913556549983154, 0.14974066964994945], [0.3807363272525573, 0.4669691418464198, 0.15229453090102293], [0.04157474817382175, 0.7089767627832477, 0.0831494963476435, 0.166298992695287], [0.13726395266590602, 0.7483494201125056, 0.11438662722158835]]
[0.7674082839607232, 1.4362309680696252, 0.6338874060056906, 1.1156089537143725, 0.3426696563887843, 0.6835261156563145, 1.020965205825549]
[[0.21853792932048186, 0.4263379355337351, 0.2458551704855421, 0.10926896466024093], [0.11623284008280067, 0.7559110358261186, 0.04649313603312027, 0.08136298805796047], [0.18222246432560157, 0.36222137486039463, 0.45555616081400385], [0.033638267103168584, 0.6972555960714828, 0.13455306841267434, 0.033638267103168584, 0.10091480130950574], [0.5613081891121499, 0.2141685352429902, 0.22452327564485997], [0.06148498623139113, 0.5696050963802621, 0.12296997246278225, 0.2459399449255645], [0.14767589383420165, 0.7292608613039636, 0.12306324486183472]]
[0.5694969821769685, 0.3188632205824875, 0.5372463396174804, 1.108096020431742, 0.7673749456270016, 0.915871680554207, 0.6396174894037151]
[[0.2604239191159855, 0.31638721232053807, 0.29297690900548373, 0.13021195955799275], [0.39627488205952704, 0.16782274767499344, 0.1585099528238108, 0.2773924174416689], [0.1980005976134726, 0.3069979083528459, 0.49500149403368154], [0.034159998581129024, 0.6925600127698388, 0.1366399943245161, 0.034159998581129024, 0.10247999574338708], [0.3717076135593743, 0.47960934101687597, 0.14868304542374972], [0.033824799934022966, 0.7632264004618392, 0.06764959986804593, 0.13529919973609186], [0.29625292620634475, 0.45686963528836794, 0.24687743850528732]]
[0.6558339985436722, 1.0588531074648415, 0.8430420572645148, 0.7209220124752813, 0.6832607139819433, 0.4410068248172076, 0.4504871439952723]
[[0.24215153469975195, 0.3643522214131512, 0.27242047653722096, 0.12107576734987598], [0.21081375752760867, 0.5572911091920218, 0.08432550301104348, 0.14756963026932604], [0.14807476616089557, 0.48173831843686554, 0.3701869154022389], [0.06104708246699436, 0.4505762577970508, 0.24418832986797745, 0.06104708246699436, 0.1831412474009831], [0.4092586098294896, 0.42703794623871455, 0.16370344393179584], [0.09035633037890385, 0.367505687347673, 0.1807126607578077, 0.3614253215156154], [0.36994007376807564, 0.3217765314251945, 0.3082833948067297]]
[0.5613856693676021, 0.5156690613451528, 0.47372585994661687, 0.5024348954904856, 0.38905014947770145, 0.7222219344152194, 0.7704034321119919]
[[0.2621405990756398, 0.31188092742644563, 0.2949081739600948, 0.1310702995378199], [0.34695010993855824, 0.2714047691290278, 0.13878004397542332, 0.24286507695699075], [0.20837128817198092, 0.2707004913980668, 0.5209282204299522], [0.07621979892427184, 0.31402180968155347, 0.3048791956970874, 0.07621979892427184, 0.22865939677281552], [0.5406026118403119, 0.2431563434235634, 0.21624104473612477], [0.0568783411410453, 0.6018516120126829, 0.1137566822820906, 0.2275133645641812], [0.2452973641122109, 0.55028816579428, 0.20441447009350908]]
[0.6621529042128194, 0.5903102725239106, 1.0031347081111246, 0.8541323644800448, 0.5931931777296041, 0.4966018631314817, 0.9578356733870655]
[[0.2408142001665991, 0.36786272456267743, 0.27091597518742394, 0.12040710008329955], [0.3282430394676916, 0.31068961711784765, 0.13129721578707665, 0.2297701276273841], [0.12193719051246946, 0.5732198332063569, 0.3048429762811736], [0.05179636357777468, 0.533832727800028, 0.20718545431109872, 0.05179636357777468, 0.15538909073332402], [0.4494673313707125, 0.3707457360810026, 0.17978693254828498], [0.08373787343672837, 0.4138348859429014, 0.16747574687345673, 0.33495149374691346], [0.1722718155634809, 0.6841683381336183, 0.14355984630290075]]
[0.7101811739306529, 0.7737660559997755, 0.6693538942312719, 0.542067018874974, 0.8243267994802932, 0.3307585575647159, 0.6265418418051579]
[[0.2306494869988036, 0.3945450966281405, 0.25948067287365406, 0.1153247434994018], [0.2822641463659711, 0.4072452926314608, 0.11290565854638844, 0.19758490245617974], [0.1764320172683638, 0.3824879395607268, 0.4410800431709095], [0.07346756813368238, 0.33879188679685873, 0.2938702725347295, 0.07346756813368238, 0.22040270440104712], [0.3462826788034406, 0.5152042496751832, 0.13851307152137624], [0.10348112409943858, 0.27563213130392994, 0.20696224819887715, 0.4139244963977543], [0.30134733436162675, 0.44752988700368423, 0.25112277863468896]]
[1.4559023778655258, 0.7217220564893982, 0.9428992506922611, 0.22424964756344698, 1.2723500035617374, 0.2553103143188693, 0.6545516527289557]
[[0.07282489357343369, 0.8088346543697366, 0.0819280052701129, 0.036412446786716846], [0.29530775526581504, 0.3798537139417886, 0.11812310210632601, 0.2067154286860705], [0.13177155090738596, 0.5387995718241492, 0.3294288772684649], [0.09553821891920508, 0.14015602972715435, 0.3821528756768203, 0.09553821891920508, 0.2866146567576152], [0.1462723198385101, 0.7952187522260858, 0.05850892793540405], [0.11246305781918224, 0.2127585952657244, 0.22492611563836448, 0.44985223127672896], [0.2904344210146925, 0.46753689480639693, 0.24202868417891046]]
[0.2584797091633343, 0.8519725682075833, 1.411902488934888, 0.7212842725492662, 0.9460563130012102, 0.45924774661627155, 0.924927177011181]
[[0.32624768060035253, 0.1435998384240746, 0.3670286406753966, 0.16312384030017626], [0.26266351673995414, 0.44840661484609645, 0.10506540669598165, 0.18386446171796786], [0.05519959364328361, 0.8068014222485074, 0.13799898410820902], [0.06102192551741208, 0.45080267034329136, 0.24408770206964833, 0.06102192551741208, 0.18306577655223624], [0.29193914598160264, 0.5912851956257563, 0.11677565839264106], [0.08818479206949148, 0.38270645551355964, 0.17636958413898296, 0.3527391682779659], [0.18509330765798138, 0.6606622692937008, 0.1542444230483178]]
[1.0523531243753053, 0.43956659965774564, 0.4164802348587954, 0.7437829063949876, 0.9175761876932242, 0.7534245761076928, 1.0066708660570671]
[[0.15823214298935342, 0.5846406246529473, 0.1780111608630226, 0.07911607149467671], [0.3660234086070813, 0.23135084192512928, 0.14640936344283254, 0.25621638602495694], [0.21771751267611503, 0.23798870563359736, 0.5442937816902876], [0.059459520389236985, 0.4648643164968672, 0.23783808155694794, 0.059459520389236985, 0.17837856116771095], [0.3046534876369535, 0.5734851173082651, 0.12186139505478141], [0.053163740939560375, 0.6278538134230773, 0.10632748187912075, 0.2126549637582415], [0.1532451171206232, 0.7190506186121908, 0.127704264267186]]
[0.3942586674953576, 0.9947428613620627, 0.5982736423334782, 0.7226601513607686, 0.5313751399399091, 0.46977906807618053, 0.7166860786316624]
[[0.29751139312267566, 0.21903259305297643, 0.33470031726301014, 0.14875569656133783], [0.22688148838043543, 0.5235488744010857, 0.09075259535217418, 0.1588170418663048], [0.18803695635371787, 0.3418706527619876, 0.4700923908842946], [0.06092637837772442, 0.4516625946004803, 0.24370551351089767, 0.06092637837772442, 0.18277913513317323], [0.47706466966968347, 0.3321094624624432, 0.1908258678678734], [0.08693106332426422, 0.3914825567301505, 0.17386212664852843, 0.34772425329705686], [0.2662262031305211, 0.5119186275940446, 0.22185516927543425]]
[0.8734436931786371, 0.5628427682309779, 0.545335339972302, 0.49438028454522503, 0.7414650263256451, 0.37035250322794594, 0.8212483643114697]
[[0.1960965728722461, 0.48524649621035393, 0.22060864448127684, 0.09804828643612305], [0.3351271257566472, 0.296233035911041, 0.1340508503026589, 0.23458898802965303], [0.19667994449431805, 0.31162019426988685, 0.4916998612357951], [0.07677914690658161, 0.30898767784076564, 0.30711658762632643, 0.07677914690658161, 0.2303374407197448], [0.38327454181890847, 0.4634156414535282, 0.15330981672756339], [0.09876755913953024, 0.3086270860232883, 0.19753511827906048, 0.39507023655812096], [0.22548765026825848, 0.5866059745081927, 0.18790637522354875]]
[1.0067618915629315, 1.206775703566597, 0.7752624442188876, 0.5861574676649387, 0.749516118596948, 0.6374286920749467, 0.3713980264836292]
[[0.16788108115070233, 0.5593121619794064, 0.18886621629454012, 0.08394054057535116], [0.17374042517127897, 0.6351451071403142, 0.0694961700685116, 0.12161829761989526], [0.15914082543365105, 0.44300711098222145, 0.39785206358412756], [0.07040573141215706, 0.36634841729058665, 0.28162292564862823, 0.07040573141215706, 0.21121719423647112], [0.37968030419779114, 0.46844757412309246, 0.15187212167911646], [0.06697277475298254, 0.5311905767291223, 0.13394554950596507, 0.26789109901193014], [0.4007540156557288, 0.2652843046311637, 0.33396167971310736]]
[0.5991036026723066, 0.6618514745079979, 0.9815026455355687, 0.4635134743066834, 0.5915734906562138, 0.831306742758881, 0.7219219882297652]
[[0.25415796768840077, 0.3328353348179481, 0.28592771364945085, 0.12707898384420038], [0.3103129136571434, 0.3483428813199989, 0.12412516546285739, 0.21721903956000038], [0.12546895583092757, 0.5608586545917535, 0.3136723895773189], [0.07892267539536922, 0.2896959214416771, 0.3156907015814769, 0.07892267539536922, 0.23676802618610765], [0.45019040595704746, 0.3697334316601336, 0.18007616238281898], [0.043892054433466554, 0.6927556189657341, 0.08778410886693311, 0.17556821773386622], [0.26418623835203947, 0.5156585630212609, 0.22015519862669958]]
[1.2959987454155164, 0.6152081204114791, 0.9101462553870222, 1.1156208017910616, 0.617185670870656, 0.5039821955051436, 0.40759822743391794]
[[0.10666693218719228, 0.7199993030086203, 0.12000029871059131, 0.05333346609359614], [0.3220029773404815, 0.323793747584989, 0.1288011909361926, 0.225402084138337], [0.13711897871232293, 0.5200835745068698, 0.3427974467808073], [0.03363744432006518, 0.6972630011194134, 0.1345497772802607, 0.03363744432006518, 0.10091233296019553], [0.4387563969327429, 0.38574104429415995, 0.17550255877309717], [0.08285926243986384, 0.419985162920953, 0.16571852487972769, 0.33143704975945537], [0.38665004125951247, 0.2911415910242271, 0.3222083677162604]]
[0.6932444836198315, 0.799042155583524, 0.8932656721736691, 0.6047431631718097, 0.5948679636798948, 0.5521409783555785, 0.522042322685207]
[[0.2342339717206706, 0.3851358242332397, 0.2635132181857544, 0.1171169858603353], [0.2759292843149063, 0.42054850293869683, 0.11037171372596254, 0.1931504990204344], [0.1398749922981765, 0.5104375269563823, 0.3496874807454412], [0.06911505811306878, 0.377964476982381, 0.27646023245227513, 0.06911505811306878, 0.20734517433920635], [0.44871965907147554, 0.37179247729993425, 0.17948786362859023], [0.07712607400528827, 0.46011748196298213, 0.15425214801057655, 0.3085042960211531], [0.34206143272004913, 0.37288737334657646, 0.2850511939333743]]
[1.4039652024010993, 0.6145457346720022, 0.5544344777527013, 0.7734090719086963, 0.4213093665654983, 0.42108568659863743, 0.45522414391567206]
[[0.08381688838071973, 0.7799806680006107, 0.09429399942830968, 0.04190844419035986], [0.3221689888040095, 0.32344512351158017, 0.1288675955216038, 0.22551829216280664], [0.19519437097915082, 0.3168197015729721, 0.4879859274478771], [0.05740214778411831, 0.4833806699429352, 0.22960859113647325, 0.05740214778411831, 0.17220644335235494], [0.5262011756404026, 0.2633183541034364, 0.21048047025616104], [0.09272789445254316, 0.35090473883219786, 0.18545578890508632, 0.37091157781017264], [0.3680944893835043, 0.32516010279690866, 0.3067454078195869]]
[1.1086709122273677, 0.9462838823351308, 0.9210461605729808, 0.4398451560168004, 0.43696123999946823, 0.45048902483479114, 0.9371039898605982]
[[0.14631303444923438, 0.6159282845707598, 0.16460216375538866, 0.07315651722461719], [0.2390265959059823, 0.4980441485974373, 0.09561063836239292, 0.16731861713418758], [0.1353394023554317, 0.526312091755989, 0.3383485058885793], [0.08056630860994443, 0.27490322251050026, 0.3222652344397777, 0.08056630860994443, 0.24169892582983327], [0.5192137321430945, 0.2731007749996676, 0.20768549285723784], [0.08922749704347724, 0.3754075206956593, 0.17845499408695448, 0.35690998817390895], [0.18034909485950715, 0.6693599927575702, 0.15029091238292264]]
[1.2723537655680974, 0.9805843491680647, 1.3564648282323364, 0.9584572277770358, 1.0541267714703195, 0.33530587952161073, 1.0288366880131816]
[[0.11167116072632859, 0.7068632030933875, 0.12563005581711967, 0.05583558036316429], [0.2304299876771768, 0.5160970258779288, 0.09217199507087072, 0.16130099137402373], [0.06425064028859813, 0.7751227589899066, 0.16062660072149532], [0.04455158140437253, 0.5990357673606473, 0.1782063256174901, 0.04455158140437253, 0.13365474421311757], [0.24369340559360736, 0.6588292321689497, 0.09747736223744294], [0.10293977624742728, 0.27942156626800896, 0.20587955249485457, 0.41175910498970913], [0.14460908259226687, 0.734883348580844, 0.12050756882688907]]
[0.8061086403600739, 0.781640063418232, 0.8562237825029917, 0.6920508031742252, 0.9085309848399533, 0.5579982193708976, 0.8202198183029846]
[[0.2103473777015717, 0.44783813353337437, 0.23664079991426815, 0.10517368885078585], [0.28029071092274893, 0.4113895070622274, 0.11211628436909958, 0.19620349764592424], [0.1459226477546136, 0.48927073285885236, 0.364806619386534], [0.06305202755734549, 0.4325317519838907, 0.25220811022938194, 0.06305202755734549, 0.18915608267203643], [0.30869152462502086, 0.5678318655249708, 0.12347660985000836], [0.07642878340822648, 0.4649985161424146, 0.15285756681645296, 0.3057151336329059], [0.2258883824793566, 0.5858712987878462, 0.18824031873279717]]
[1.303874660747791, 0.8977885082964954, 0.8967054489535632, 0.4604425847332424, 0.4897871914739682, 0.17832381234376304, 0.293915904330228]
[[0.10500007179940933, 0.7243748115265505, 0.1181250807743355, 0.052500035899704665], [0.25118082498834704, 0.4725202675244713, 0.10047232999533882, 0.17582657749184294], [0.1393133960892142, 0.5124031136877504, 0.34828349022303545], [0.07913593161574706, 0.2877766154582765, 0.31654372646298823, 0.07913593161574706, 0.2374077948472412], [0.4956307180919785, 0.3061169946712301, 0.19825228723679142], [0.12162811757812345, 0.14860317695313588, 0.2432562351562469, 0.4865124703124938], [0.43094185545575525, 0.2099399316644486, 0.35911821287979606]]
[0.7973730258038437, 0.8921311059315661, 0.6034368001547841, 0.5865667163711585, 0.8492550755816286, 0.5878085277267102, 0.7815709143356053]
[[0.21219618501505952, 0.4429850143354687, 0.23872070814194193, 0.10609809250752976], [0.25259872031790326, 0.46954268733240323, 0.10103948812716132, 0.17681910422253228], [0.18719399181146382, 0.3448210286598766, 0.4679849795286596], [0.07037731136311401, 0.36660419773197406, 0.28150924545245604, 0.07037731136311401, 0.211131934089342], [0.3351539841153444, 0.5307844222385179, 0.13406159364613776], [0.07287993717539162, 0.48984043977225855, 0.14575987435078325, 0.2915197487015665], [0.24094639701210177, 0.5582649388111467, 0.20078866417675148]]
[0.49817442281087715, 0.898729807862189, 0.945905293647432, 0.39554204855178987, 0.321342656641996, 0.16617423810604506, 0.5665022751514792]
[[0.27551864067494664, 0.2767635682282651, 0.309958470759315, 0.13775932033747332], [0.2509449103102283, 0.4730156883485206, 0.10037796412409133, 0.17566143721715982], [0.13128076838409275, 0.5405173106556754, 0.3282019209602319], [0.08364291329501461, 0.24721378034486866, 0.33457165318005844, 0.08364291329501461, 0.2509287398850438], [0.5708291711419661, 0.2008391604012475, 0.22833166845678649], [0.12307449546356605, 0.13847853175503755, 0.2461489909271321, 0.4922979818542642], [0.32473937331760544, 0.40464448225105665, 0.27061614443133786]]
[1.4474269435741387, 1.2108181490993626, 0.2977488092290034, 0.2930476200604459, 0.7597216569599676, 0.9100569121310923, 0.19347551663239804]
[[0.0746186362806056, 0.8041260797634103, 0.08394596581568128, 0.0373093181403028], [0.17272728092747805, 0.6372727100522961, 0.06909091237099123, 0.12090909664923463], [0.23710223522791782, 0.17014217670228765, 0.5927555880697946], [0.09076058194024683, 0.18315476253777868, 0.3630423277609873, 0.09076058194024683, 0.27228174582074044], [0.3751242602857287, 0.47482603559997977, 0.1500497041142915], [0.034517034270108056, 0.7583807601092436, 0.06903406854021611, 0.13806813708043222], [0.47007447403932534, 0.13819679759457004, 0.3917287283661045]]
[0.6092837224548607, 0.7010788415885476, 1.2165943011935463, 0.6837964530856006, 1.0607204905718859, 0.7948680562325602, 0.39822424433394477]
[[0.25200344498309823, 0.33849095691936704, 0.28350387560598556, 0.12600172249154912], [0.30048149333620366, 0.36898886399397246, 0.12019259733448147, 0.21033704533534253], [0.0870866447030945, 0.6951967435391693, 0.21771661175773624], [0.06362524631349997, 0.4273727831785003, 0.2545009852539999, 0.06362524631349997, 0.1908757389404999], [0.24074978099469388, 0.6629503066074286, 0.09629991239787757], [0.04822999330564759, 0.6623900468604669, 0.09645998661129518, 0.19291997322259036], [0.39030224246729417, 0.2844458888099606, 0.32525186872274514]]
[0.7136912908120078, 0.7282760778969327, 0.8471664411326527, 0.31147332612861445, 0.7387656111395705, 0.2952808047703317, 0.640866673807297]
[[0.2299066051191518, 0.39649516156222653, 0.2586449307590458, 0.1149533025595759], [0.29366514338422745, 0.3833031988931225, 0.11746605735369098, 0.2055656003689592], [0.1474013973660975, 0.4840951092186587, 0.3685034934152438], [0.08948101901884624, 0.19467082883038403, 0.35792407607538496, 0.08948101901884624, 0.2684430570565387], [0.3844796378841203, 0.46172850696223156, 0.15379185515364815], [0.10770466609877004, 0.24606733730860977, 0.21540933219754008, 0.43081866439508015], [0.29576623098416993, 0.45776190986235504, 0.24647185915347494]]
[0.9022263665330611, 1.1293171656983674, 1.1058555204389915, 0.7610514857518138, 0.8875604563632806, 0.5500948206602745, 0.49397837409464596]
[[0.19000500179194477, 0.501236870296145, 0.21375562701593784, 0.09500250089597238], [0.19315359255680015, 0.5943774556307198, 0.07726143702272006, 0.1352075147897601], [0.10516644564261364, 0.6319174402508523, 0.2629161141065341], [0.05826031348945739, 0.4756571785948836, 0.23304125395782957, 0.05826031348945739, 0.17478094046837217], [0.31805336769496406, 0.5547252852270503, 0.12722134707798563], [0.07736966420711018, 0.4584123505502287, 0.15473932841422036, 0.3094786568284407], [0.35299543866442357, 0.35284169578189, 0.2941628655536863]]
[0.4108878534042322, 0.6865172672967861, 0.8289412484821939, 0.8337881136100663, 0.5364166416594861, 0.7107577684437416, 0.6493860053694175]
[[0.293991988697517, 0.22827102966901786, 0.3307409872847067, 0.1469959943487585], [0.30413101070255993, 0.3613248775246243, 0.12165240428102397, 0.21289170749179193], [0.1503769390233153, 0.4736807134183965, 0.37594234755828826], [0.05320915877707874, 0.5211175710062914, 0.21283663510831496, 0.05320915877707874, 0.1596274763312362], [0.474813999259158, 0.3352604010371788, 0.1899255997036632], [0.058243122804316476, 0.5922981403697847, 0.11648624560863295, 0.2329724912172659], [0.2924470108950321, 0.4638471466924411, 0.24370584241252677]]
[0.6913512056110099, 0.968867121629259, 0.892044479288649, 0.6743160638721163, 1.2230585638965077, 0.252700041116393, 0.7914813646399553]
[[0.23463466547915138, 0.38408400311722773, 0.2639639986640453, 0.11731733273957569], [0.23336663618314313, 0.5099300640153995, 0.09334665447325725, 0.16335664532820016], [0.14007437072838386, 0.5097397024506566, 0.3501859268209596], [0.06428360667554749, 0.42144753992007267, 0.25713442670218994, 0.06428360667554749, 0.19285082002664247], [0.16827742683191627, 0.7644116024353173, 0.0673109707327665], [0.11277380462900084, 0.21058336759699417, 0.22554760925800169, 0.45109521851600337], [0.23708518260780956, 0.5653438318856824, 0.197570985506508]]
[0.8114281289479295, 1.3322126314998486, 1.1213782591434254, 0.8028321563037926, 0.5554841019382982, 0.5761830876271953, 0.5779183371657242]
[[0.20922156001102024, 0.4507934049710719, 0.23537425501239775, 0.10461078000551012], [0.1423025986215918, 0.7011645428946572, 0.05692103944863673, 0.09961181903511426], [0.10263212095617547, 0.6407875766533859, 0.25658030239043866], [0.05535887803445886, 0.5017700976898704, 0.22143551213783544, 0.05535887803445886, 0.16607663410337656], [0.4663017402061169, 0.3471775637114364, 0.18652069608244676], [0.0742639181396196, 0.4801525730226628, 0.1485278362792392, 0.2970556725584784], [0.3202915569484191, 0.4127988122612316, 0.26690963079034924]]
[0.737895926277967, 1.0239891490228468, 1.167634940284266, 0.9922276597016424, 0.9714086112991102, 0.8567881118328315, 0.5287916436488788]
[[0.22478393094646199, 0.4099421812655372, 0.2528819223147697, 0.11239196547323099], [0.2195515917235973, 0.5389416573804457, 0.08782063668943893, 0.1536861142065181], [0.09508000974950759, 0.6672199658767235, 0.23770002437376894], [0.042206412520719286, 0.6201422873135265, 0.16882565008287714, 0.042206412520719286, 0.12661923756215784], [0.28062115567004015, 0.6071303820619438, 0.11224846226801606], [0.0408585581151391, 0.7139900931940263, 0.0817171162302782, 0.1634342324605564], [0.3394318271497874, 0.3777083168920563, 0.2828598559581562]]
[0.8165035303903408, 0.747448365411205, 0.798205328546328, 0.5782552029422606, 0.7813385531247896, 0.46432065833532804, 0.7383316406834088]
[[0.20814740097558923, 0.4536130724390782, 0.2341658260975379, 0.10407370048779462], [0.28886005879418425, 0.39339387653221314, 0.11554402351767372, 0.20220204115592896], [0.15539504840059953, 0.4561173305979017, 0.3884876210014988], [0.07095449979567635, 0.3614095018389129, 0.2838179991827054, 0.07095449979567635, 0.21286349938702903], [0.36547386021214756, 0.4883365957029935, 0.146189544084859], [0.08758087400769902, 0.38693388194610673, 0.17516174801539805, 0.3503234960307961], [0.2577928672662043, 0.527379743345292, 0.2148273893885036]]
[0.9622304517702277, 1.195192842706755, 1.4555594851532585, 0.44616135714684674, 1.0052898337870722, 0.32320066440419865, 0.8854466550445955]
[[0.17730572449307352, 0.534572473205682, 0.1994689400547077, 0.08865286224653676], [0.17664339781785587, 0.6290488645825028, 0.07065735912714236, 0.12365037847249909], [0.04807192079130474, 0.8317482772304334, 0.12017980197826185], [0.08012768353146899, 0.2788508482167792, 0.32051073412587594, 0.08012768353146899, 0.24038305059440696], [0.2654956099164857, 0.62830614611692, 0.10619824396659427], [0.10438087328521443, 0.26933388700349886, 0.20876174657042887, 0.41752349314085774], [0.2004753292034043, 0.6324618964604254, 0.16706277433617026]]
[0.7993860585236069, 0.7847713322833025, 0.8764661886619592, 0.618342400293634, 0.6528328351463325, 0.5693849947629183, 0.46372062359549565]
[[0.21177014634421018, 0.4441033658464483, 0.23824141463723641, 0.10588507317210509], [0.2795059317585708, 0.4130375433070014, 0.11180237270342834, 0.19565415223099955], [0.14261776511641483, 0.5008378220925481, 0.3565444127910371], [0.06817066664627543, 0.38646400018352123, 0.2726826665851017, 0.06817066664627543, 0.20451199993882627], [0.42284248430967303, 0.40802052196645777, 0.16913699372386923], [0.0750732149091764, 0.4744874956357652, 0.1501464298183528, 0.3002928596367056], [0.3647841726251315, 0.3312290168539255, 0.30398681052094295]]
[0.45224885868303794, 0.9154533005402984, 0.3784312281039036, 0.7595810451519038, 1.094021383223829, 0.28452805774269213, 0.3390204748033385]
[[0.28523833678665866, 0.25124936593502106, 0.320893128884991, 0.14261916839332933], [0.24675355876183, 0.4818175266001571, 0.098701423504732, 0.17272749113328098], [0.2239295954116076, 0.2162464160593735, 0.5598239885290189], [0.05836242742000669, 0.47473815321993984, 0.23344970968002676, 0.05836242742000669, 0.17508728226002007], [0.2258833110607906, 0.6837633645148932, 0.09035332442431625], [0.10898475503063187, 0.23710671478557677, 0.21796951006126375, 0.4359390201225275], [0.4133686461805174, 0.24215748200238468, 0.3444738718170979]]
[0.6599574265444328, 0.9724940698986202, 0.7320714818293232, 0.9074073120467863, 0.9131356861679182, 0.6014077395955392, 0.27411376508945445]
[[0.24127885152498776, 0.3666430147469071, 0.27143870796561126, 0.12063942576249388], [0.23245762659182453, 0.5118389841571686, 0.09298305063672982, 0.16272033861427715], [0.16619241112990646, 0.41832656104532756, 0.4154810278247661], [0.04809671444119541, 0.5671295700292414, 0.19238685776478165, 0.04809671444119541, 0.14429014332358622], [0.3066358543893223, 0.5707098038549488, 0.12265434175572892], [0.07126098338148343, 0.501173116329616, 0.14252196676296686, 0.2850439335259337], [0.4386569746404722, 0.19579554649246747, 0.36554747886706024]]
[0.23537680553408846, 1.0160342386706864, 0.5192421488685836, 1.071255665311593, 0.6635249167576837, 0.91370555877551, 0.5430208447518724]
[[0.33113718401394954, 0.13076489196338248, 0.3725293320156932, 0.16556859200697477], [0.22154530359130667, 0.5347548624582561, 0.08861812143652267, 0.15508171251391464], [0.20094005732757822, 0.2967097993534763, 0.5023501433189456], [0.03671835657558384, 0.6695347908197455, 0.14687342630233535, 0.03671835657558384, 0.11015506972675149], [0.41806923359031983, 0.41470307297355224, 0.16722769343612795], [0.03408267157434405, 0.7614212989795917, 0.0681653431486881, 0.1363306862973762], [0.3338879825642055, 0.38787203196562314, 0.27823998547017126]]
[0.9254524109631652, 0.5863132202692565, 0.3052932239871142, 0.7413250812367901, 0.48025464504835225, 0.5783708024778715, 0.34867527089765593]
[[0.18508943683319254, 0.5141402283128695, 0.2082256164373416, 0.09254471841659627], [0.3292448069500611, 0.30858590540487185, 0.13169792278002443, 0.23047136486504274], [0.23587049404292018, 0.17445327084977955, 0.5896762351073004], [0.05963020269188959, 0.4633281757729938, 0.23852081076755835, 0.05963020269188959, 0.17889060807566876], [0.4998863191748428, 0.3001591531552201, 0.19995452766993713], [0.07400347589549149, 0.4819756687315596, 0.14800695179098297, 0.29601390358196594], [0.4096070373126015, 0.24905376492689713, 0.34133919776050126]]
[1.0314919472731825, 0.5466084369210114, 1.3861167402586274, 0.6931961137582403, 0.319386852502461, 0.6255871634700386, 0.5440175200730597]
[[0.1626472069263106, 0.5730510818184347, 0.18297810779209944, 0.0813236034631553], [0.3391958804709245, 0.2876886510110586, 0.13567835218836982, 0.23743711632964717], [0.05940951179450981, 0.7920667087192157, 0.14852377948627452], [0.06297249210012222, 0.43324757109890016, 0.2518899684004889, 0.06297249210012222, 0.18891747630036665], [0.5717022979899729, 0.1996167828140381, 0.22868091919598918], [0.06838248053928112, 0.5213226362250322, 0.13676496107856223, 0.27352992215712446], [0.3334996675040026, 0.3885839429093284, 0.27791638958666887]]
[0.5541371965432366, 0.9432592308143667, 0.7974277035387642, 0.4930071894767883, 0.7619159061328301, 0.42937438796366917, 0.52766075516753]
[[0.26367466739825685, 0.30785399807957586, 0.2966340008230389, 0.13183733369912842], [0.23978465393123644, 0.49645222674440354, 0.09591386157249458, 0.1678492577518655], [0.15552200758550788, 0.45567297345072244, 0.38880501896376973], [0.0768745007307786, 0.3081294934229927, 0.3074980029231144, 0.0768745007307786, 0.23062350219233577], [0.3741446847621295, 0.4761974413330188, 0.1496578739048518], [0.09174114429003938, 0.3578119899697243, 0.18348228858007876, 0.3669645771601575], [0.33987243305161163, 0.37690053940537854, 0.2832270275430097]]
[0.9608966504004511, 1.0797489800058153, 1.0464521742277055, 0.5197386915674226, 0.992181905227711, 0.3081972640846821, 0.38866429795665763]
[[0.177588010497259, 0.5338314724446951, 0.1997865118094164, 0.0887940052486295], [0.20557669674039716, 0.568288936845166, 0.08223067869615888, 0.143903687718278], [0.11486495114649704, 0.5979726709872604, 0.2871623778662426], [0.075018146418929, 0.32483668222963913, 0.300072585675716, 0.075018146418929, 0.22505443925678698], [0.271347363737629, 0.6201136907673194, 0.10853894549505164], [0.10616699237087115, 0.2568310534039018, 0.2123339847417423, 0.4246679694834846], [0.3940268969000035, 0.2776173556833269, 0.32835574741666956]]
[0.6824839467560347, 0.8953404292020659, 0.8036765370397587, 0.6098406206645047, 0.7809972327891814, 0.5093300777762135, 0.5518861821339796]
[[0.23651133401988686, 0.3791577481977971, 0.2660752507723727, 0.11825566700994343], [0.2517943786460988, 0.4712318048431926, 0.10071775145843952, 0.17625606505226915], [0.1545017898710598, 0.4592437354512907, 0.3862544746776495], [0.06876106800940941, 0.3811503879153154, 0.27504427203763765, 0.06876106800940941, 0.2062832040282282], [0.36562623536197264, 0.48812327049323834, 0.14625049414478905], [0.08222260978854601, 0.42444173148017794, 0.16444521957709202, 0.32889043915418403], [0.33043395501273515, 0.39420441580998544, 0.2753616291772793]]
[1.2360964343810528, 1.2075300916130183, 1.3759768958055822, 0.5788460136312772, 0.6611641394638522, 0.9002794334908958, 1.0672378926270383]
[[0.11934466997226396, 0.6867202413228071, 0.13426275371879698, 0.05967233498613198], [0.17355135548545908, 0.635542153480536, 0.06942054219418363, 0.12148594883982135], [0.06106499660317026, 0.7862725118889041, 0.15266249150792563], [0.07091347127560577, 0.3617787585195482, 0.28365388510242306, 0.07091347127560577, 0.21274041382681727], [0.419123152025066, 0.4132275871649076, 0.16764926081002643], [0.03568101982251241, 0.7502328612424132, 0.07136203964502481, 0.14272407929004963], [0.12964757430115387, 0.7623127804478845, 0.10803964525096157]]
[0.7274663879486598, 0.7430615298003208, 0.5320020958959272, 0.6463197087878902, 1.0363248102126685, 0.7988084745705039, 0.9223875352740584]
[[0.2269912406457863, 0.404147993304811, 0.2553651457265096, 0.11349562032289315], [0.2899595163407718, 0.39108501568437937, 0.11598380653630871, 0.20297166143854023], [0.19885680067005274, 0.30400119765481554, 0.49714200167513173], [0.06622779800084096, 0.4039498179924314, 0.2649111920033638, 0.06622779800084096, 0.19868339400252288], [0.25164070972648733, 0.6477030063829178, 0.10065628389059493], [0.047760895884463826, 0.6656737288087532, 0.09552179176892765, 0.1910435835378553], [0.18608277846465254, 0.6588482394814703, 0.15506898205387712]]
[0.8819323331145346, 0.5964546902361584, 0.9327418386408661, 0.5894261321949619, 0.5688238036102398, 0.42620181836201976, 0.6240115519557512]
[[0.19430003531967519, 0.48996240728585255, 0.2185875397346346, 0.09715001765983759], [0.32670308515384505, 0.31392352117692546, 0.13068123406153803, 0.22869215960769154], [0.1334299038953688, 0.5329953363662092, 0.333574759738422], [0.07017874081979433, 0.36839133262185114, 0.28071496327917733, 0.07017874081979433, 0.210536222459383], [0.4603465162454287, 0.35551487725639985, 0.1841386064981715], [0.0921188311473786, 0.3551681819683498, 0.1842376622947572, 0.3684753245895144], [0.30233316157568135, 0.44572253711125087, 0.2519443013130678]]
[1.112797987165867, 0.6873019001937258, 1.1169643473771806, 0.8783651145157041, 0.574066490502988, 0.6479539492838361, 0.3795150366571181]
[[0.14543957943579533, 0.6182211039810372, 0.16361952686526973, 0.07271978971789766], [0.30393436085370285, 0.36173784220722416, 0.12157374434148115, 0.21275405259759197], [0.10335275961188888, 0.638265341358389, 0.2583818990297222], [0.050113533714187225, 0.5489781965723151, 0.2004541348567489, 0.050113533714187225, 0.15034060114256165], [0.45800603102545184, 0.35879155656436745, 0.18320241241018076], [0.06571976794240046, 0.5399616244031967, 0.13143953588480092, 0.26287907176960185], [0.39759154415956427, 0.2710821690407987, 0.33132628679963694]]
[0.5400365688139801, 0.5959186789859218, 1.1544186167256993, 0.6566950741542625, 0.4427024912864528, 0.3511374379508127, 0.8009243924278604]
[[0.26665892723513646, 0.3000203160077667, 0.29999129313952855, 0.13332946361756823], [0.32683742381305225, 0.31364140999259044, 0.13073496952522093, 0.22878619666913658], [0.09723777686111032, 0.6596677809861139, 0.2430944421527758], [0.06550728651706511, 0.41043442134641406, 0.26202914606826044, 0.06550728651706511, 0.19652185955119533], [0.5166506735328336, 0.27668905705403296, 0.20666026941313345], [0.10105506691061755, 0.29261453162567724, 0.2021101338212351, 0.4042202676424702], [0.23340608087226214, 0.572088851734186, 0.1945050673935518]]
[0.6266007403664253, 0.9689520800693072, 0.5356484918589711, 0.49630219816524346, 0.7640263426467077, 0.605698193381989, 0.6010800570303788]
[[0.24833846764731743, 0.34811152242579185, 0.2793807761032321, 0.12416923382365871], [0.2333453433410258, 0.5099747789838459, 0.09333813733641032, 0.16334174033871804], [0.1982614707169027, 0.30608485249084066, 0.49565367679225675], [0.07664568068296922, 0.31018887385327715, 0.30658272273187687, 0.07664568068296922, 0.2299370420489076], [0.3732025256041484, 0.47751646415419224, 0.14928101024165938], [0.07075021507357272, 0.5047484944849909, 0.14150043014714545, 0.2830008602942909], [0.3112675102479043, 0.42934289787884206, 0.2593895918732536]]
[1.0450109588431202, 1.348641952821757, 1.1492594233279856, 0.41798565185051484, 1.0880551815417283, 0.392521975606392, 0.33177623265028905]
[[0.15978604045648248, 0.5805616438017335, 0.1797592955135428, 0.07989302022824124], [0.1381849742301361, 0.7098115541167143, 0.05527398969205444, 0.09672948196109525], [0.09808009415053298, 0.6567196704731346, 0.24520023537633243], [0.08208432973260316, 0.26124103240657176, 0.3283373189304126, 0.08208432973260316, 0.24625298919780944], [0.2285467939545856, 0.6800344884635802, 0.09141871758183426], [0.09612833623733429, 0.32710164633866, 0.19225667247466857, 0.38451334494933714], [0.416191078188199, 0.23698302332163507, 0.3468258984901659]]
[0.5865885290832088, 0.31131214087879233, 0.3580523132215232, 0.7140931826083934, 0.8493920907406501, 0.7830597151138935, 0.5770135074266279]
[[0.2568066605114902, 0.3258825161573382, 0.2889074930754265, 0.1284033302557451], [0.39816738323839795, 0.1638484951993644, 0.1592669532953592, 0.27871716826687853], [0.22725676518832277, 0.2046013218408704, 0.5681419129708069], [0.06152130676330603, 0.44630823913024587, 0.2460852270532241, 0.06152130676330603, 0.18456392028991805], [0.3350928166336384, 0.5308700567129063, 0.13403712665345535], [0.04963574820072696, 0.6525497625949113, 0.09927149640145393, 0.19854299280290785], [0.32064408801559946, 0.41215250530473424, 0.26720340667966624]]
[0.7670903782940817, 0.5523494534037995, 0.664328449370641, 1.0506910850105649, 0.8590414332588492, 0.791446124049714, 0.46983190619142784]
[[0.2186052109430515, 0.4261613212744898, 0.24593086231093295, 0.10930260547152575], [0.33775702922210543, 0.2907102386335787, 0.13510281168884217, 0.23642992045547379], [0.1772524980619362, 0.3796162567832234, 0.4431312451548404], [0.0381464524298219, 0.656681928131603, 0.1525858097192876, 0.0381464524298219, 0.11443935728946568], [0.3307850744380138, 0.5369008957867807, 0.13231402977520554], [0.04863736618455784, 0.6595384367080951, 0.09727473236911569, 0.19454946473823137], [0.36240315343191115, 0.33559421870816275, 0.302002627859926]]
[0.6837596484694146, 0.8835861030249688, 0.8481226305799137, 0.6085387509755602, 0.7138994288499775, 0.5076927602949952, 0.4858844031732225]
[[0.23624134423927734, 0.379866471371897, 0.265771512269187, 0.11812067211963867], [0.2547403250563988, 0.4650453173815625, 0.10189613002255954, 0.17831822753947918], [0.14724528480327945, 0.48464150318852206, 0.3681132120081986], [0.06885147562669722, 0.38033671935972513, 0.27540590250678887, 0.06885147562669722, 0.20655442688009162], [0.39558061212054585, 0.4461871430312359, 0.15823224484821835], [0.08241752853631007, 0.4230773002458294, 0.16483505707262014, 0.3296701141452403], [0.3561489338286145, 0.34706028798087324, 0.29679077819051214]]
[0.9964383897064363, 0.619911461943405, 0.5431143080645897, 0.4598819742717994, 0.8457566910456094, 0.4025644305256683, 0.49913888032473214]
[[0.17006594926847912, 0.5535768831702423, 0.19132419292703898, 0.08503297463423956], [0.32082419500165293, 0.3262691904965289, 0.12832967800066117, 0.22457693650115704], [0.19704256194863845, 0.31035103317976553, 0.49260640487159607], [0.07917486289779173, 0.2874262339198746, 0.3166994515911669, 0.07917486289779173, 0.23752458869337517], [0.3367157629260673, 0.5285979319035058, 0.13468630517042693], [0.09493280588980138, 0.33547035877139025, 0.18986561177960276, 0.3797312235592055], [0.3509848518215329, 0.35652777166052296, 0.2924873765179441]]
[0.585506589459598, 0.9593865999352663, 1.331461653000683, 1.0374868124195757, 0.5878985807851137, 0.7519598944384942, 0.9214175046031726]
[[0.2570356424424131, 0.32528143858866554, 0.28916509774771476, 0.12851782122120656], [0.23574270678314133, 0.5049403157554033, 0.09429708271325654, 0.1650198947481989], [0.06833279134682724, 0.7608352302861047, 0.1708319783670681], [0.03906341580419614, 0.6484292577622348, 0.15625366321678455, 0.03906341580419614, 0.1171902474125884], [0.4518309907209314, 0.3674366129906961, 0.18073239628837257], [0.05333810780494116, 0.6266332453654119, 0.10667621560988232, 0.21335243121976463], [0.18646071249227036, 0.6581553604308377, 0.15538392707689197]]
[0.5872701595771003, 0.6075106301291552, 1.0208140027998587, 0.5274580874627375, 0.7599695982806018, 0.676104581532147, 0.7927273329379642]
[[0.2566624000895026, 0.3262611997650557, 0.2887452001006904, 0.1283312000447513], [0.3239321728999612, 0.3197424369100817, 0.12957286915998448, 0.22675252102997281], [0.11905077505308431, 0.583322287314205, 0.29762693763271075], [0.07448207725953214, 0.3296613046642109, 0.29792830903812856, 0.07448207725953214, 0.22344623177859635], [0.37501357219615994, 0.47498099892537615, 0.150005428878464], [0.06236850219855392, 0.5634204846101225, 0.12473700439710785, 0.2494740087942157], [0.23659974041378018, 0.566233809241403, 0.1971664503448168]]
[0.33271296282228613, 1.4994809620440601, 0.6114366486358119, 0.5826535081842332, 0.9804964114177301, 0.5214459957566056, 0.869720904370081]
[[0.31053693908523045, 0.18484053490127006, 0.3493540564708843, 0.15526846954261522], [0.10038071126715283, 0.7892005063389791, 0.04015228450686114, 0.07026649788700697], [0.18588789410027562, 0.3493923706490354, 0.46471973525068905], [0.07064906193165048, 0.36415844261514574, 0.2825962477266019, 0.07064906193165048, 0.21194718579495145], [0.27656410204565623, 0.6128102571360813, 0.1106256408182625], [0.08078023860040409, 0.43453832979717133, 0.16156047720080818, 0.32312095440161637], [0.20660224505061775, 0.6212292174072007, 0.17216853754218148]]
[0.8071892323082598, 0.848501901969901, 0.8429513207096753, 0.7279147785497824, 0.5598816771722038, 0.5353454208301954, 0.6279439397033092]
[[0.2101186809929609, 0.4484384623934777, 0.236383516117081, 0.10505934049648046], [0.2635333579022805, 0.4465799484052111, 0.10541334316091219, 0.18447335053159633], [0.14808958029229793, 0.4816864689769573, 0.37022395073074477], [0.06056147371182068, 0.45494673659361395, 0.24224589484728273, 0.06056147371182068, 0.18168442113546202], [0.46433853697669475, 0.3499260482326274, 0.1857354147906779], [0.07912554513926244, 0.4461211840251629, 0.15825109027852488, 0.31650218055704976], [0.3008010624532561, 0.4485313855023637, 0.2506675520443801]]
[1.0040775764987249, 0.9692286827702588, 0.603285467033027, 0.7276973636380999, 0.9070262918666302, 0.44863819133288685, 0.9821516519960198]
[[0.168449190159, 0.557820875832625, 0.189505338928875, 0.0842245950795], [0.2332760193558249, 0.5101203593527678, 0.09331040774232996, 0.16329321354907744], [0.18721869925991397, 0.3447345525903011, 0.4680467481497849], [0.060576571969576415, 0.4548108522738124, 0.24230628787830566, 0.060576571969576415, 0.18172971590872924], [0.3093632625595401, 0.5668914324166439, 0.12374530502381606], [0.08944783436513251, 0.3738651594440724, 0.17889566873026502, 0.35779133746053005], [0.16279805766388833, 0.7015368942828714, 0.13566504805324028]]
[0.7477679121627732, 1.1680230476756148, 1.1911469564028598, 0.3372662639652954, 0.6840104104502399, 0.4840391567840546, 0.7519460225775685]
[[0.22269462176449245, 0.4154266178682073, 0.250531449485054, 0.11134731088224623], [0.18345287025673818, 0.6147489724608499, 0.07338114810269528, 0.1284170091797167], [0.09124131324034943, 0.6806554036587771, 0.22810328310087352], [0.08768984278018783, 0.2107914149783096, 0.35075937112075134, 0.08768984278018783, 0.26306952834056346], [0.40892392390614296, 0.42750650653139993, 0.16356956956245722], [0.08523343371618397, 0.4033659639867122, 0.17046686743236794, 0.3409337348647359], [0.2524885626321161, 0.5371043018411203, 0.21040713552676346]]
[0.630993040056874, 0.841073792796959, 0.6293935547504678, 0.5686558650441197, 0.7593846975362967, 0.5312925747098046, 0.6996712287845734]
[[0.2474088804112436, 0.3505516889204855, 0.27833499046264903, 0.1237044402056218], [0.2653950393992584, 0.4426704172615574, 0.10615801575970336, 0.18577652757948088], [0.1829561543264543, 0.35965345985741015, 0.4573903858161356], [0.07162112048304727, 0.3554099156525748, 0.28648448193218906, 0.07162112048304727, 0.21486336144914175], [0.37527468859986757, 0.4746154359601854, 0.15010987543994705], [0.07960802682026134, 0.44274381225817055, 0.1592160536405227, 0.3184321072810454], [0.2728553654086078, 0.49976516341755245, 0.2273794711738398]]
[0.5551802921336711, 0.6067121228418135, 1.4047146215639723, 0.9387443443922865, 0.342286636888199, 0.3201129765089776, 0.3726644265020957]
[[0.2634539064267363, 0.3084334956298173, 0.2963856447300783, 0.13172695321336814], [0.32413230003964577, 0.319322169916744, 0.1296529200158583, 0.22689261002775202], [0.05637312300996373, 0.802694069465127, 0.1409328075249093], [0.04592053163942456, 0.586715215245179, 0.18368212655769825, 0.04592053163942456, 0.13776159491827367], [0.5614791799606255, 0.21392914805512436, 0.22459167198425017], [0.10474845517750267, 0.26676081375748134, 0.20949691035500534, 0.4189938207100107], [0.40026061305113153, 0.2661888760729255, 0.3335505108759429]]
[1.333375588963458, 0.7969482336269923, 0.5981686358105881, 0.649760656719526, 1.0756726813738318, 0.9573377847442602, 1.0871120742979432]
[[0.09875648910826286, 0.74076421609081, 0.11110105024679572, 0.04937824455413143], [0.276454076785215, 0.4194464387510486, 0.11058163071408601, 0.1935178537496505], [0.18805410027582237, 0.34181064903462177, 0.4701352506895559], [0.06598884328336627, 0.4061004104497037, 0.26395537313346507, 0.06598884328336627, 0.1979665298500988], [0.23407469581525367, 0.6722954258586449, 0.09362987832610148], [0.02888835895901663, 0.7977814872868836, 0.05777671791803326, 0.11555343583606652], [0.12190438663716498, 0.7765086244985309, 0.10158698886430415]]
[0.41296308365191026, 0.8039396578277336, 0.637319441996698, 0.34163111605366175, 0.6696375529943153, 0.8173691321688635, 0.19488282995803988]
[[0.29355278652869626, 0.22942393536217237, 0.33024688484478326, 0.14677639326434813], [0.2747018401434252, 0.4231261356988072, 0.10988073605737007, 0.19229128810039764], [0.18166213191890646, 0.3641825382838274, 0.4541553297972662], [0.08738672805182905, 0.21351944753353858, 0.3495469122073162, 0.08738672805182905, 0.26216018415548714], [0.4153403781275379, 0.418523470621447, 0.16613615125101516], [0.04555129378942101, 0.681140943474053, 0.09110258757884201, 0.18220517515768403], [0.46952617014621817, 0.1392020213985999, 0.39127180845518184]]
[0.8078960010758257, 0.8242489252836365, 1.0023515001752263, 1.1306727627252395, 0.8729897038078148, 0.4465583610923873, 0.7515117240004474]
[[0.20996910030141258, 0.44883111170879203, 0.23621523783908915, 0.10498455015070629], [0.26961179817452724, 0.4338152238334929, 0.1078447192698109, 0.18872825872216906], [0.12206506119588141, 0.5727722858144151, 0.3051626529897035], [0.032592169255191705, 0.7066704767032747, 0.13036867702076682, 0.032592169255191705, 0.09777650776557513], [0.32455816794293985, 0.5456185648798842, 0.12982326717717596], [0.08969543320328721, 0.3721319675769894, 0.17939086640657442, 0.35878173281314885], [0.25265776986995553, 0.5367940885717482, 0.21054814155829626]]
[0.884413731434045, 1.124564342160923, 1.4783450128425368, 1.0145522722837883, 0.7799450295026089, 0.24400739101954774, 0.7045356132346061]
[[0.19377487165417034, 0.4913409619078028, 0.21799673061094163, 0.09688743582708517], [0.19434477640077116, 0.5918759695583806, 0.07773791056030847, 0.1360413434805398], [0.04435183463795317, 0.8447685787671639, 0.11087958659488291], [0.04065609220251472, 0.6340951701773676, 0.16262436881005887, 0.04065609220251472, 0.12196827660754414], [0.3660959689720496, 0.48746564343913057, 0.14643838758881986], [0.1138086439262443, 0.2033394925162898, 0.2276172878524886, 0.4552345757049772], [0.27096015068781576, 0.5032397237390044, 0.2258001255731798]]
[0.5913997951612732, 0.8216931286795378, 0.6073881650535695, 0.45178350643986165, 0.9677581886998969, 0.7834217411188136, 0.45131510791391993]
[[0.2557884031404713, 0.32855544175626283, 0.28776195353303025, 0.12789420157023565], [0.27025234870187026, 0.43247006772607255, 0.1081009394807481, 0.1891766440913092], [0.18654887101166218, 0.3470789514591826, 0.46637217752915533], [0.07973725649723185, 0.2823646915249135, 0.3189490259889274, 0.07973725649723185, 0.2392117694916955], [0.2822508086161175, 0.6048488679374355, 0.112900323446447], [0.0495926498668079, 0.6528514509323446, 0.0991852997336158, 0.1983705994672316], [0.369617490423148, 0.32236793422422855, 0.3080145753526234]]
[0.40587463346512853, 0.5417663571650267, 0.31412511493894035, 1.0515270121639622, 0.3490640297301983, 0.8285304009410893, 0.49057669005891]
[[0.2950529876264278, 0.22548590748062697, 0.33193461107973127, 0.1475264938132139], [0.34040943429447956, 0.285140187981593, 0.13616377371779184, 0.23828660400613566], [0.23442855266303017, 0.17950006567939447, 0.5860713816575754], [0.0380884019330582, 0.6572043826024763, 0.1523536077322328, 0.0380884019330582, 0.11426520579917458], [0.5584535581561615, 0.2181650185813739, 0.2233814232624646], [0.044222571316536986, 0.6904420007842411, 0.08844514263307397, 0.17689028526614795], [0.35432077010691815, 0.35041192147065003, 0.29526730842243176]]
[1.322741376729416, 0.7618798223277138, 0.502710399285116, 0.527022608076553, 1.2806094154027636, 0.31015006509029297, 0.5753897410620001]
[[0.10100711603610245, 0.7348563204052311, 0.11363300554061524, 0.050503558018051224], [0.28524315229881864, 0.400989380172481, 0.11409726091952746, 0.19967020660917303], [0.20363911848406274, 0.28726308530578054, 0.5090977962101568], [0.07451231888357272, 0.3293891300478456, 0.2980492755342909, 0.07451231888357272, 0.22353695665071818], [0.1425850824094806, 0.8003808846267272, 0.05703403296379224], [0.10593451606067938, 0.25845838757524414, 0.21186903212135877, 0.42373806424271754], [0.32127672426155834, 0.41099267218714297, 0.26773060355129863]]
[0.6651662448941849, 0.5107901105033654, 0.4577403461530425, 0.5269326763761335, 1.055446200561419, 0.7044839842384264, 0.3458251183506482]
[[0.24017645610705082, 0.3695368027189916, 0.2701985131204322, 0.12008822805352541], [0.34817290463574807, 0.2688369002649292, 0.13926916185429924, 0.24372103324502367], [0.21098116797501348, 0.26156591208745283, 0.5274529199375337], [0.07451856414054629, 0.3293329227350834, 0.29807425656218517, 0.07451856414054629, 0.2235556924216389], [0.24310437474936658, 0.6596538753508868, 0.09724174989974663], [0.058990001876377804, 0.5870699868653554, 0.11798000375275561, 0.23596000750551122], [0.4107174863568902, 0.24701794167903446, 0.3422645719640752]]
[0.5535159522339756, 0.8731855709283125, 0.6779040658747985, 0.6879762497096094, 0.5170192520451898, 0.5541765985023361, 0.8138903255308318]
[[0.2638061476753491, 0.3075088623522087, 0.2967819161347677, 0.13190307383767455], [0.2573469747046836, 0.4595713531201645, 0.10293878988187345, 0.18014288229327852], [0.17503607087758397, 0.38737375192845624, 0.4375901771939599], [0.06333498265905492, 0.4299851560685058, 0.2533399306362197, 0.06333498265905492, 0.19000494797716475], [0.4834735481941117, 0.32313703252824366, 0.1933894192776447], [0.07688373827353141, 0.4618138320852801, 0.15376747654706283, 0.30753495309412565], [0.22835441862435119, 0.5813502325220228, 0.190295348853626]]
[0.6900390352029707, 0.9453530660088382, 0.8313226235368937, 0.5950160350094021, 0.5379361044532894, 0.5038999409510423, 0.5815677113317472]
[[0.23491237350201677, 0.38335501955720597, 0.2642764201897688, 0.11745618675100838], [0.23925988320580496, 0.4975542452678096, 0.09570395328232198, 0.16748191824406347], [0.14998814309601738, 0.47504149916393923, 0.37497035774004345], [0.06979055312434708, 0.37188502188087635, 0.2791622124973883, 0.06979055312434708, 0.20937165937304122], [0.47413566765478155, 0.3362100652833059, 0.1896542670619126], [0.08286905464868542, 0.4199166174592019, 0.16573810929737084, 0.3314762185947417], [0.3188697228577608, 0.4154055080941052, 0.26572476904813397]]
[1.3992382517143709, 1.3935369703951985, 0.4193364140207553, 1.2004500100539144, 1.0029265911730503, 0.8143414382729006, 0.19787622297709645]
[[0.0848173012244718, 0.7773545842857615, 0.09541946387753077, 0.0424086506122359], [0.12693309012651666, 0.733440510734315, 0.05077323605060667, 0.08885316308856166], [0.21725119771089713, 0.23962080801186017, 0.5431279942772428], [0.027746527079589287, 0.7502812562836965, 0.11098610831835715, 0.027746527079589287, 0.08323958123876785], [0.2665506289406026, 0.6268291194831563, 0.10662025157624107], [0.045911733538940395, 0.6786178652274172, 0.09182346707788079, 0.18364693415576158], [0.46835991312580655, 0.14134015926935461, 0.3902999276048388]]
[0.3246228198660672, 0.3343251740554811, 0.326759568573015, 0.793605449685355, 1.123021203142718, 0.7383825172309882, 0.9813764606178683]
[[0.31224913865268417, 0.180346011036704, 0.3512802809842697, 0.15612456932634208], [0.39239970575050603, 0.17596061792393744, 0.15695988230020244, 0.2746797940253542], [0.2323657847227731, 0.1867197534702943, 0.5809144618069327], [0.05599962154962814, 0.4960034060533468, 0.22399848619851256, 0.05599962154962814, 0.1679988646488844], [0.21293696288271516, 0.7018882519641988, 0.08517478515308607], [0.05495446223440616, 0.6153187643591569, 0.10990892446881231, 0.21981784893762463], [0.16310008027875256, 0.7009831861556203, 0.13591673356562714]]
[1.3233566260171188, 1.2669434991069026, 1.328680479453494, 0.8523222107137647, 1.118464761043922, 0.4673119672682266, 0.31669753529253086]
[[0.10087690454664151, 0.735198125565066, 0.1134865176149717, 0.05043845227332076], [0.15866077716618984, 0.6668123679510014, 0.06346431086647594, 0.11106254401633288], [0.06878686049738873, 0.7592459882591395, 0.1719671512434718], [0.05192206870043302, 0.5327013816961029, 0.20768827480173208, 0.05192206870043302, 0.15576620610129902], [0.21497108881967772, 0.6990404756524512, 0.0859884355278711], [0.0872247658014016, 0.38942663939018884, 0.1744495316028032, 0.3488990632056064], [0.4220658953405723, 0.22621252520895063, 0.35172157945047694]]
[1.3274349467465056, 1.2995844527226093, 1.2432785050856938, 0.8239739691025619, 0.3238038582128735, 0.4280829203041024, 0.5306801278478882]
[[0.10001376788433744, 0.7374638593036142, 0.1125154888698796, 0.05000688394216872], [0.15048008703694005, 0.683991817222426, 0.060192034814776016, 0.10533606092585801], [0.08273003998600918, 0.7104448600489679, 0.20682509996502293], [0.05389069659009988, 0.5149837306891012, 0.21556278636039952, 0.05389069659009988, 0.16167208977029962], [0.5697304204406816, 0.20237741138304594, 0.2278921681762726], [0.09189489043998782, 0.35673576692008535, 0.18378978087997563, 0.36757956175995127], [0.3386960540852383, 0.379057234177063, 0.2822467117376986]]
[0.37958765098688174, 1.2158985260335116, 1.00396045116495, 0.8429412493592636, 1.180038260201004, 0.6188409025697451, 0.7405005839459807]
[[0.3006163701615065, 0.2108820283260454, 0.3381934164316948, 0.15030818508075325], [0.17145400350037307, 0.6399465926492166, 0.06858160140014924, 0.12001780245026114], [0.12180237532000816, 0.5736916863799715, 0.3045059383000204], [0.05257352435005115, 0.5268382808495398, 0.2102940974002046, 0.05257352435005115, 0.1577205730501534], [0.18748291955312327, 0.7375239126256274, 0.0749931678212493], [0.0691856068369351, 0.5157007521414543, 0.1383712136738702, 0.2767424273477404], [0.25694782443663083, 0.5289289885328434, 0.21412318703052569]]
[0.6018860553527292, 0.4946690194873457, 1.2026191050679134, 0.7330895367438659, 0.6479154414108003, 0.5979120772917419, 0.7788275871605363]
[[0.25356908881423723, 0.33438114186262735, 0.28526522491601686, 0.12678454440711862], [0.3522132783239736, 0.26035211551965565, 0.14088531132958942, 0.24654929482678148], [0.08936830937666723, 0.6872109171816647, 0.22342077344166808], [0.060202115503898215, 0.4581809604649162, 0.24080846201559286, 0.060202115503898215, 0.1806063465116946], [0.42503774937017846, 0.40494715088175015, 0.1700150997480714], [0.071677133655745, 0.49826006440978493, 0.14335426731149, 0.28670853462298], [0.24201522578160917, 0.5563054194003831, 0.20167935481800764]]
[0.4211074194056306, 0.34535020401555105, 1.2281485002318258, 0.7340296165937801, 0.9172984675588106, 0.767698638771484, 0.41767164752381086]
[[0.29182911758610997, 0.23394856633646147, 0.32830775728437367, 0.14591455879305498], [0.38963654034697975, 0.18176326527134268, 0.1558546161387919, 0.2727455782428858], [0.08520024486011007, 0.7017991429896148, 0.2130006121502752], [0.060136832180987504, 0.45876851037111255, 0.24054732872395002, 0.060136832180987504, 0.18041049654296248], [0.30477746983981674, 0.5733115422242566, 0.1219109879359267], [0.05146444776529952, 0.6397488656429033, 0.10292889553059904, 0.2058577910611981], [0.3827253321335802, 0.29833689108843636, 0.31893777677798346]]
[0.8205144921735951, 0.9988541296284178, 0.3381728187159658, 0.4337675074493239, 0.4807408248295496, 0.2743170143982664, 1.086225852532022]
[[0.2072985201749005, 0.45584138454088613, 0.23321083519676306, 0.10364926008745025], [0.22585109533122363, 0.5257126998044305, 0.09034043813248946, 0.15809576673185652], [0.23050239694433214, 0.19324161069483758, 0.5762559923608304], [0.08098836753824142, 0.27110469215582744, 0.32395347015296566, 0.08098836753824142, 0.2429651026147242], [0.4996692746296654, 0.3004630155184685, 0.1998677098518662], [0.1102003554287778, 0.22859751199855532, 0.2204007108575556, 0.4408014217151112], [0.12224966784466663, 0.7758756089514445, 0.10187472320388886]]
[0.3348174337207768, 0.6863182363415857, 1.269740334867517, 0.4900044353795708, 0.7554319819002098, 0.3453548133931088, 0.3143548320149726]
[[0.3100915484188832, 0.18600968540043156, 0.3488529919712436, 0.1550457742094416], [0.30418089314747226, 0.3612201243903083, 0.12167235725898892, 0.21292662520323058], [0.07840974124611971, 0.725565905638581, 0.19602435311529928], [0.07708302532086315, 0.30625277211223173, 0.3083321012834526, 0.07708302532086315, 0.23124907596258945], [0.37703929379454926, 0.4721449886876311, 0.15081571751781972], [0.10174347459605847, 0.2877956778275907, 0.20348694919211693, 0.40697389838423387], [0.4229786368772833, 0.22453916572498045, 0.3524821973977361]]
[0.7695833383327296, 0.9002438336444102, 0.9021246791698505, 0.7001899420731372, 0.8742588874985101, 0.41300013484010456, 0.7234063497112722]
[[0.21807760035286147, 0.42754629907373864, 0.24533730039696916, 0.10903880017643074], [0.2505654552269649, 0.4738125440233738, 0.10022618209078596, 0.1753958186588754], [0.13842862380900403, 0.515499816668486, 0.34607155952251], [0.06248680957825437, 0.4376187137957107, 0.2499472383130175, 0.06248680957825437, 0.18746042873476312], [0.3239915680810223, 0.5464118046865688, 0.12959662723240895], [0.09369046013808278, 0.34416677903342047, 0.18738092027616557, 0.37476184055233114], [0.2636079156969069, 0.5167188212223373, 0.21967326308075577]]
[0.48464080292245115, 0.6581039293214574, 1.3024622318916643, 0.3391529494533996, 0.7871100273107967, 0.31617469636608897, 0.9695752678733183]
[[0.27838289885239126, 0.26924489051247286, 0.3131807612089402, 0.13919144942619563], [0.31125214803973505, 0.34637048911655655, 0.12450085921589402, 0.21787650362781452], [0.073067390711565, 0.7442641325095225, 0.18266847677891251], [0.08755882295462505, 0.2119705934083747, 0.3502352918185002, 0.08755882295462505, 0.26267646886387513], [0.3628973092362515, 0.4919437670692479, 0.14515892369450062], [0.10521729805165607, 0.2634789136384075, 0.21043459610331214, 0.4208691922066243], [0.16769794758182402, 0.6925537627666559, 0.13974828965152003]]
[1.1335515193535803, 0.7754556469340435, 0.6132109269591727, 0.4789975207513888, 0.42571403651372003, 0.46246518881466625, 0.3818894709345153]
[[0.14104729749130573, 0.6297508440853224, 0.15867820967771895, 0.07052364874565287], [0.28184068999146783, 0.4081345510179176, 0.11273627599658714, 0.1972884829940275], [0.1855982160066657, 0.3504062439766701, 0.46399554001666427], [0.07784739439226468, 0.299373450469618, 0.3113895775690587, 0.07784739439226468, 0.23354218317679404], [0.5242348051278036, 0.266071272821075, 0.20969392205112147], [0.08780176323634924, 0.38538765734555525, 0.17560352647269847, 0.35120705294539695], [0.3966664398956433, 0.2727781935246538, 0.3305553665797028]]
[0.5810936592293907, 0.7018674372649586, 0.8939004068373669, 0.6908175139592134, 0.5999538656816661, 0.39880758644007164, 0.8061573325669892]
[[0.25796959593028773, 0.3228298106829948, 0.29021579542157366, 0.12898479796514387], [0.30028385030953425, 0.3694039143499782, 0.12011354012381371, 0.21019869521667395], [0.13977136214900132, 0.5108002324784954, 0.3494284053725033], [0.0631376726417213, 0.43176094622450834, 0.2525506905668852, 0.0631376726417213, 0.1894130179251639], [0.4464491671063991, 0.3749711660510413, 0.17857966684255966], [0.0953800492333248, 0.3323396553667264, 0.1907600984666496, 0.3815201969332992], [0.23136727302584834, 0.575826666119278, 0.19280606085487362]]
[0.627268051693063, 1.1398883363089567, 0.6099647735482534, 0.8961108523649757, 0.6620631761581808, 0.3986185443122911, 0.3863629888165263]
[[0.24819723773691793, 0.34848225094059054, 0.27922189245403267, 0.12409861886845897], [0.19050417636367, 0.599941229636293, 0.07620167054546802, 0.133352923454569], [0.18612820023701987, 0.34855129917043054, 0.4653205005925497], [0.048881190807987814, 0.5600692827281097, 0.19552476323195125, 0.048881190807987814, 0.14664357242396345], [0.4187217963579551, 0.41378948509886293, 0.16748871854318204], [0.09540255424853676, 0.3321821202602426, 0.19080510849707352, 0.38161021699414704], [0.394923510850704, 0.27597356344037594, 0.32910292570892]]
[1.0167850310675162, 0.4697411016060813, 0.8211082904872441, 0.46824570967921464, 0.46272321298872526, 0.3202055880309584, 0.39927735035808126]
[[0.1657597817846527, 0.5648805728152867, 0.18647975450773427, 0.08287989089232635], [0.35846087679045585, 0.24723215874004278, 0.14338435071618236, 0.2509226137533191], [0.15165578930820506, 0.4692047374212823, 0.3791394732705127], [0.07859404793894345, 0.29265356854950914, 0.3143761917557738, 0.07859404793894345, 0.23578214381683033], [0.5077128513443191, 0.28920200811795327, 0.20308514053772764], [0.10473742999631447, 0.26683799002579867, 0.20947485999262894, 0.4189497199852579], [0.38989194141892936, 0.2851981073986295, 0.3249099511824411]]
[1.348232828340204, 0.48318004784167057, 0.2108348205070602, 0.3377461554565554, 0.5983062458028455, 0.8914508294874323, 0.33391342896033344]
[[0.09561209982217904, 0.74901823796678, 0.10756361229995141, 0.04780604991108952], [0.35509271983918034, 0.25430528833772137, 0.14203708793567216, 0.24856490388742622], [0.251292274202929, 0.12047704028974869, 0.6282306855073224], [0.08765651698218367, 0.2110913471603471, 0.3506260679287347, 0.08765651698218367, 0.262969550946551], [0.44718471169515833, 0.3739414036267784, 0.17887388467806334], [0.03673204410863901, 0.7428756912395269, 0.07346408821727803, 0.14692817643455605], [0.41535840430116866, 0.23850959211452388, 0.3461320035843073]]
[0.8863648411922848, 1.0899759372700935, 0.6601332578235424, 0.482698807382577, 0.8989008441857589, 0.38265378511411213, 0.9292536527274939]
[[0.19336193837200322, 0.4924249117734915, 0.2175321806685036, 0.09668096918600161], [0.20301354955636758, 0.5736715459316282, 0.08120541982254703, 0.1421094846894573], [0.17793742729411555, 0.37721900447059564, 0.44484356823528887], [0.07759036059843216, 0.3016867546141106, 0.31036144239372865, 0.07759036059843216, 0.23277108179529646], [0.3129906945599291, 0.5618130276160993, 0.12519627782397166], [0.09730312081974855, 0.31887815426176014, 0.1946062416394971, 0.3892124832789942], [0.1834076677685088, 0.6637526090910671, 0.15283972314042402]]
[0.9557710052551358, 0.6229704245882605, 1.011691685758604, 0.29813489356568296, 0.23179039356515685, 0.9239276443771839, 0.7691501874892536]
[[0.17867280312060618, 0.5309838918084088, 0.20100690351068196, 0.08933640156030309], [0.3200575376971779, 0.3278791708359266, 0.12802301507887115, 0.22404027638802448], [0.12054013293737077, 0.5781095347192023, 0.3013503323434269], [0.0904072990579387, 0.18633430847855184, 0.3616291962317548, 0.0904072990579387, 0.27122189717381606], [0.610807860015555, 0.14486899597822303, 0.24432314400622202], [0.03286575662176381, 0.7699397036476533, 0.06573151324352762, 0.13146302648705524], [0.2457856412379531, 0.5493929910637526, 0.20482136769829426]]
ans
[175, 0.25124936593502106, 0.4818175266001571, 0.2162464160593735, 0.47473815321993984, 0.6837633645148932, 0.23710671478557677, 0.24215748200238468, 68, 95, 70, 114, 17, 38]
[0.45224885868303794, 0.9154533005402984, 0.3784312281039036, 0.7595810451519038, 1.094021383223829, 0.28452805774269213, 0.3390204748033385]
[[0.28523833678665866, 0.25124936593502106, 0.320893128884991, 0.14261916839332933], [0.24675355876183, 0.4818175266001571, 0.098701423504732, 0.17272749113328098], [0.2239295954116076, 0.2162464160593735, 0.5598239885290189], [0.05836242742000669, 0.47473815321993984, 0.23344970968002676, 0.05836242742000669, 0.17508728226002007], [0.2258833110607906, 0.6837633645148932, 0.09035332442431625], [0.10898475503063187, 0.23710671478557677, 0.21796951006126375, 0.4359390201225275], [0.4133686461805174, 0.24215748200238468, 0.3444738718170979]]
Turns: 1, Fitness: 0.304896.

[0.6013855471340699, 0.42991442619557, 0.28370459759463756, 1.311110194518117, 1.7135851915104816, 0.19454029549346574, 0.6845648303762609]
[[0.253675016479562, 0.33410308174114994, 0.2853843935395072, 0.126837508239781], [0.3684424997003585, 0.2262707506292474, 0.14737699988014338, 0.2579097497902509], [0.23939516773965105, 0.16211691291122146, 0.5984879193491276], [0.020061792047353, 0.819443871573823, 0.080247168189412, 0.020061792047353, 0.060185376142058995], [-0.050707674781464984, 1.070990744694051, -0.020283069912585997], [0.11969758386982551, 0.16211691291122146, 0.23939516773965103, 0.47879033547930205], [0.2787409751780801, 0.4889748788401864, 0.23228414598173341]]
[0.9968739323336114, 1.102261784749836, 1.084408148370301, 0.661290437754468, 1.0980409119098715, 0.3152660307023609, 0.8714189818836394]
[[0.1699737709346854, 0.5538188512964508, 0.19122049230152108, 0.0849868854673427], [0.19993438978700856, 0.5801377814472821, 0.07997375591480342, 0.139954072850906], [0.10866805740893047, 0.6196617990687434, 0.27167014352232616], [0.06518816404482862, 0.4133065235965425, 0.2607526561793145, 0.06518816404482862, 0.19556449213448585], [0.22408887861166454, 0.6862755699436697, 0.08963555144466583], [0.10532547253543321, 0.26272169225196745, 0.21065094507086643, 0.42130189014173286], [0.2059406564089716, 0.6224421299168853, 0.17161721367414304]]
[0.21000000000000002, 1.9818325626614952, 0.20416666666666666, 0.18666666666666668, 1.4532717657433896, 0.13999999999999999, 0.16333333333333333]
[[0.3365079365079365, 0.11666666666666667, 0.37857142857142856, 0.16825396825396824], [-0.020509414200876017, 1.0430697698218396, -0.008203765680350408, -0.014356589940613212], [0.2523809523809524, 0.11666666666666667, 0.6309523809523809], [0.09814814814814815, 0.11666666666666667, 0.3925925925925926, 0.09814814814814815, 0.29444444444444445], [0.06550367600741537, 0.9082948535896185, 0.02620147040296615], [0.1261904761904762, 0.11666666666666667, 0.2523809523809524, 0.5047619047619047], [0.4818181818181817, 0.11666666666666667, 0.4015151515151515]]
[1.1599604367782783, 0.6264992293281618, 1.1675550117185283, 0.7503432467165916, 0.2799384324100564, 0.806744907463769, 0.7356911801830485]
[[0.1354581086183538, 0.6444224648768213, 0.152390372195648, 0.0677290543091769], [0.31917312548166377, 0.32973643648850626, 0.1276692501926655, 0.2234211878371646], [0.09509305931126072, 0.6671742924105876, 0.23773264827815174], [0.059003941200236706, 0.4689645291978697, 0.23601576480094683, 0.059003941200236706, 0.17701182360071013], [0.5893131998169391, 0.17496152025628525, 0.23572527992677567], [0.046816082444789395, 0.6722874228864743, 0.09363216488957879, 0.18726432977915758], [0.2588216181105006, 0.5254937001307489, 0.21568468175875047]]
[0.21000000000000002, 0.22166666666666665, 0.20416666666666666, 0.18666666666666668, 0.5068445263991381, 0.13999999999999999, 0.9605626321181995]
[[0.3365079365079365, 0.11666666666666667, 0.37857142857142856, 0.16825396825396824], [0.4206349206349207, 0.11666666666666667, 0.1682539682539683, 0.29444444444444445], [0.2523809523809524, 0.11666666666666667, 0.6309523809523809], [0.09814814814814815, 0.11666666666666667, 0.3925925925925926, 0.09814814814814815, 0.29444444444444445], [0.4880158364289562, 0.31677782899946133, 0.19520633457158246], [0.1261904761904762, 0.11666666666666667, 0.2523809523809524, 0.5047619047619047], [0.17120936410979237, 0.6861161657987139, 0.14267447009149364]]
[0.7644300683931635, 0.911343710000287, 0.6085672928082931, 0.5768180218065709, 0.7197551417128158, 0.4024059081733418, 0.489705347346211]
[[0.21916823949351036, 0.42468337132953526, 0.24656426943019916, 0.10958411974675518], [0.2477835313282489, 0.4796545842106774, 0.09911341253129956, 0.17344847192977422], [0.1863563603578297, 0.3477527387475961, 0.4658909008945743], [0.07105430404121037, 0.36051126362910685, 0.28421721616484147, 0.07105430404121037, 0.21316291212363106], [0.39296645459249296, 0.4498469635705099, 0.15718658183699719], [0.09495167759841168, 0.3353382568111182, 0.18990335519682336, 0.3798067103936467], [0.3546602542806969, 0.3497895338187222, 0.2955502119005808]]
[0.3058963174341286, 0.47430346447975463, 0.2973991975054028, 0.6991491449596481, 1.2239942142864386, 0.20393087828941905, 0.2379193580043222]
[[0.3162124195906606, 0.16994239857451587, 0.35573897203949323, 0.1581062097953303], [0.3573174274486831, 0.2496334023577656, 0.14292697097947327, 0.2501221992140782], [0.23715931469299548, 0.16994239857451587, 0.5928982867324887], [0.06255908715558, 0.43696821559978005, 0.25023634862232, 0.06255908715558, 0.18767726146674], [0.16785972576498284, 0.764996383929024, 0.06714389030599315], [0.11857965734649772, 0.16994239857451587, 0.23715931469299545, 0.4743186293859909], [0.45275869168662763, 0.16994239857451587, 0.3772989097388564]]
[0.6759063483205284, 0.6066489769979051, 1.2695990388940634, 0.6526703248862348, 0.999793546430129, 0.5102267828496223, 0.927813790394485]
[[0.23790341834486173, 0.375503526844738, 0.26764134563796943, 0.11895170917243086], [0.324148126065688, 0.3192889352620553, 0.1296592504262752, 0.22690368824598156], [0.07843280997647945, 0.725485165082322, 0.1960820249411986], [0.06578678299401149, 0.4079189530538967, 0.26314713197604594, 0.06578678299401149, 0.19736034898203444], [0.2679493096294068, 0.6248709665188306, 0.1071797238517627], [0.08211585918456876, 0.4251889857080186, 0.16423171836913752, 0.32846343673827505], [0.18396865309305777, 0.6627241359960607, 0.15330721091088148]]
[0.23966812644145302, 1.6940300527065544, 0.233010678484746, 0.45272371196051786, 0.995622357980535, 0.1597787509609687, 0.26821156255545003]
[[0.33022896794889883, 0.13314895913414057, 0.3715075889425112, 0.16511448397444942], [0.05162154067504903, 0.8915947645823971, 0.020648616270019612, 0.03613507847253432], [0.24767172596167414, 0.13314895913414057, 0.6191793149041853], [0.07967196444718627, 0.28295231997532366, 0.3186878577887451, 0.07967196444718627, 0.2390158933415588], [0.2698114473301183, 0.6222639737378344, 0.10792457893204735], [0.12383586298083706, 0.13314895913414057, 0.2476717259616741, 0.4953434519233482], [0.44095653406930513, 0.1915796875396072, 0.3674637783910876]]
[1.3411843164552946, 1.0884629965745516, 1.3527577376531954, 0.5807497892564424, 0.9814746280384722, 0.7691899127316716, 0.8834105670332485]
[[0.09710384836924983, 0.7451023980307192, 0.10924182941540604, 0.048551924184624916], [0.20339273268808233, 0.5728752613550272, 0.08135709307523292, 0.14237491288165763], [0.06485587956682526, 0.7730044215161116, 0.16213969891706315], [0.0707812646349693, 0.3629686182852765, 0.2831250585398772, 0.0707812646349693, 0.21234379390490785], [0.2761273981971107, 0.6134216425240451, 0.11045095927884428], [0.05128691515099147, 0.6409915939430597, 0.10257383030198294, 0.2051476606039659], [0.20126861024678624, 0.6310075478808919, 0.16772384187232187]]
[0.3159765165390503, 1.582616991010663, 0.3071993910796322, 0.38482860313147443, 0.664753958357804, 0.35647612501854825, 0.24575951286370573]
[[0.3140790441187195, 0.17554250918836126, 0.3533389246335595, 0.15703952205935975], [0.0795446137817887, 0.8329563110582437, 0.031817845512715486, 0.05568122964725209], [0.23555928308903967, 0.17554250918836126, 0.5888982077225992], [0.08438690256031428, 0.2405178769571715, 0.3375476102412571, 0.08438690256031428, 0.25316070768094284], [0.41752055430455176, 0.4154712239736275, 0.16700822172182073], [0.10041950892636331, 0.2970634375154569, 0.20083901785272662, 0.40167803570545324], [0.44970408589725747, 0.17554250918836126, 0.37475340491438125]]
[0.6608722367820482, 0.3473498374563538, 0.9484083547772173, 0.3012637576069416, 0.5558809514332402, 0.8158559921241791, 0.8588769363642279]
[[0.2410852408926882, 0.36715124265669347, 0.27122089600427424, 0.1205426204463441], [0.38913537908362067, 0.18281570392439675, 0.15565415163344828, 0.27239476535853446], [0.13087210534249516, 0.541947631301267, 0.3271802633562379], [0.09019001683285129, 0.18828984850433847, 0.36076006733140514, 0.09019001683285129, 0.27057005049855387], [0.46612457525301776, 0.3474255946457751, 0.1864498301012071], [0.04573142950902629, 0.6798799934368159, 0.09146285901805258, 0.18292571803610516], [0.21082716765030077, 0.6134835259744486, 0.17568930637525065]]
[0.9749673900220566, 1.943520295074798, 0.5726237423623715, 1.3889171083232073, 1.835623286966051, 0.39265628047705475, 0.525779693779607]
[[0.17461007618580815, 0.5416485500122536, 0.19643633570903415, 0.08730503809290407], [-0.010907342124009548, 1.02290541846042, -0.004362936849603819, -0.007635139486806683], [0.19222469512451082, 0.3272135670642123, 0.48056173781127703], [0.014658534144221731, 0.8680731927020044, 0.058634136576886924, 0.014658534144221731, 0.043975602432665184], [-0.10518896739555846, 1.1472645543537818, -0.04207558695822339], [0.0961123475622554, 0.3272135670642123, 0.1922246951245108, 0.3844493902490216], [0.34060531411184136, 0.3755569241282907, 0.2838377617598678]]
[0.8177610166220599, 0.5881869617414649, 1.1825954701914347, 0.3728793522986361, 0.6622899536327176, 0.36340078348502214, 0.4135622129321986]
[[0.20788126632337356, 0.4543116759011444, 0.23386642461379525, 0.10394063316168678], [0.3287751975585302, 0.3095720851270868, 0.13151007902341208, 0.2301426382909711], [0.09263747425445963, 0.6757688401093913, 0.23159368563614907], [0.08521671164592805, 0.23304959518664756, 0.3408668465837122, 0.08521671164592805, 0.25565013493778416], [0.41862055641396545, 0.41393122102044844, 0.16744822256558617], [0.09959514482321165, 0.30283398623751845, 0.1991902896464233, 0.3983805792928466], [0.3843264105458966, 0.29540158066585614, 0.3202720087882472]]
[0.6428571428571429, 0.6785714285714286, 0.625, 0.9501756857224128, 0.5714285714285715, 0.42857142857142855, 0.8724241372193166]
[[0.24489795918367344, 0.35714285714285715, 0.2755102040816326, 0.12244897959183672], [0.30612244897959184, 0.35714285714285715, 0.12244897959183675, 0.21428571428571427], [0.18367346938775508, 0.35714285714285715, 0.45918367346938777], [0.04512668849149912, 0.593859803576508, 0.18050675396599647, 0.04512668849149912, 0.13538006547449732], [0.45918367346938777, 0.35714285714285715, 0.18367346938775508], [0.09183673469387753, 0.35714285714285715, 0.18367346938775506, 0.3673469387755101], [0.20554903744701947, 0.6231600980137976, 0.1712908645391829]]
[0.81192509794152, 0.7957776542774719, 1.003380510745861, 0.5993897601580915, 0.8491674452079208, 0.4935468322942101, 0.5888296439710813]
[[0.2091163813880381, 0.4510694988564, 0.23525592906154286, 0.10455819069401905], [0.27674745506830284, 0.4188303443565642, 0.11069898202732113, 0.19372321854781197], [0.1218970594700635, 0.5733602918547778, 0.30474264867515877], [0.06948682221124365, 0.3746186000988072, 0.2779472888449746, 0.06948682221124365, 0.20846046663373094], [0.33519310481789255, 0.5307296532549505, 0.13407724192715703], [0.0841015675840226, 0.41128902691184177, 0.1682031351680452, 0.3364062703360904], [0.3160403984528254, 0.4205926028364867, 0.26336699871068786]]
[0.25692859677870616, 0.27120240771085646, 0.7237815167472882, 0.2825913927673014, 1.496371887764028, 0.1712857311858041, 0.8177847556549619]
[[0.326575958353713, 0.1427381093215034, 0.36739795314792706, 0.1632879791768565], [0.4082199479421413, 0.1427381093215034, 0.16328797917685653, 0.2857539635594989], [0.1675458748167693, 0.41358943814130755, 0.4188646870419232], [0.09148670883560409, 0.17661962047956337, 0.36594683534241634, 0.09148670883560409, 0.27446012650681223], [0.046262550105344705, 0.9352324298525174, 0.01850502004213788], [0.12246598438264236, 0.1427381093215034, 0.24493196876528472, 0.48986393753056945], [0.22683710818637842, 0.5841319683249728, 0.1890309234886487]]
[0.7956486554487193, 1.000197875904669, 1.3316693700982534, 0.6902333828913559, 0.7394367643971931, 0.8237618465135165, 0.7237272740738371]
[[0.21256113112196418, 0.44202703080484407, 0.23913127251220967, 0.10628056556098209], [0.22551431681587245, 0.5264199346866679, 0.09020572672634898, 0.15786002177111072], [0.06829887835130558, 0.7609539257704305, 0.17074719587826392], [0.0631782372992114, 0.4313958643070974, 0.2527129491968456, 0.0631782372992114, 0.18953471189763418], [0.38418001589411027, 0.4621479777482457, 0.1536720063576441], [0.04479025636743851, 0.6864682054279304, 0.08958051273487702, 0.17916102546975404], [0.2634828802309725, 0.5169480529098837, 0.21956906685914376]]
[0.6428571428571429, 1.2745593992267388, 0.625, 0.9476951282302526, 1.9417012911632463, 0.42857142857142855, 0.8639204968643259]
[[0.24489795918367344, 0.35714285714285715, 0.2755102040816326, 0.12244897959183672], [0.15675203026898776, 0.6708207364351257, 0.06270081210759512, 0.10972642118829143], [0.18367346938775508, 0.35714285714285715, 0.45918367346938777], [0.04529894942845469, 0.5923094551439079, 0.18119579771381877, 0.04529894942845469, 0.13589684828536405], [-0.15254521926930634, 1.2135633069770289, -0.06101808770772254], [0.09183673469387753, 0.35714285714285715, 0.18367346938775506, 0.3673469387755101], [0.20886214407883402, 0.6170860691888043, 0.17405178673236169]]
[1.018585626622594, 0.648219234105245, 0.848753240254603, 0.7272061140135495, 1.1183811421126184, 0.18687067544635239, 0.6043165742496691]
[[0.16537870336029756, 0.565880903679219, 0.18605104128033473, 0.08268935168014878], [0.3137295152618434, 0.34116801795012897, 0.12549180610473737, 0.21961066068329035], [0.14714232812169747, 0.48500185157405884, 0.3678558203042437], [0.06061068652683685, 0.45450382125846844, 0.2424427461073474, 0.06061068652683685, 0.18183205958051052], [0.21500841869972398, 0.6989882138203865, 0.0860033674798896], [0.12061063387543423, 0.15572556287196032, 0.24122126775086847, 0.48244253550173694], [0.31000652951311586, 0.43165469589262084, 0.25833877459426324]]
[0.3164084860728609, 0.2846855006510769, 0.2857438924088487, 0.8879744368783741, 1.2528319412032216, 0.17980136883225908, 0.6573079107749487]
[[0.3139876219951617, 0.17578249226270048, 0.3532360747445569, 0.15699381099758086], [0.4048407266538655, 0.14983447402688257, 0.16193629066154622, 0.2833885086577059], [0.23906222164753496, 0.16328222423362782, 0.5976555541188373], [0.04944621966122403, 0.5549840230489838, 0.19778487864489613, 0.04944621966122403, 0.14833865898367207], [0.15498574053427616, 0.7830199632520134, 0.06199429621371046], [0.12145221799615963, 0.14983447402688257, 0.24290443599231926, 0.4858088719846385], [0.28936055424352647, 0.46950565055353477, 0.24113379520293873]]
[0.681085376405476, 1.2293172453130876, 1.3643867206716032, 0.4197059875288629, 1.0138121859199694, 0.548531095765485, 0.8117164047458892]
[[0.23680732774487284, 0.3783807646697089, 0.26640824371298194, 0.11840366387243642], [0.16809091596163217, 0.6470090764805725, 0.06723636638465287, 0.11766364117314251], [0.06295727009443215, 0.7796495546694875, 0.15739317523608037], [0.08196486197716231, 0.2623162422055393, 0.32785944790864924, 0.08196486197716231, 0.24589458593148691], [0.2616909884285852, 0.6336326161999808, 0.10467639537143407], [0.07755582193268036, 0.45710924647123746, 0.15511164386536072, 0.31022328773072144], [0.22920140074835482, 0.5797974319613495, 0.19100116729029568]]
[0.9374036218313501, 1.8175997190346367, 0.625, 1.3019336334046165, 0.5714285714285715, 0.45338034100559915, 0.5]
[[0.18256008003569313, 0.5207797899063056, 0.20538009004015476, 0.09128004001784656], [0.020651699490065976, 0.9566314310708615, 0.00826067979602639, 0.01445618964304618], [0.18367346938775508, 0.35714285714285715, 0.45918367346938777], [0.02069905323579053, 0.8137085208778853, 0.08279621294316213, 0.02069905323579053, 0.062097159707371584], [0.45918367346938777, 0.35714285714285715, 0.18367346938775508], [0.08888329273742865, 0.3778169508379993, 0.1777665854748573, 0.3555331709497146], [0.3506493506493506, 0.35714285714285715, 0.29220779220779214]]
Traceback (most recent call last):
  File "/Users/chuwenjie/PycharmProjects/TrafficSigOpt/GBFAPSO.py", line 530, in <module>
    UpdatePos()
  File "/Users/chuwenjie/PycharmProjects/TrafficSigOpt/GBFAPSO.py", line 366, in UpdatePos
    if CalFitness(pos[i]) > CalFitness(pbest[i]):
  File "/Users/chuwenjie/PycharmProjects/TrafficSigOpt/GBFAPSO.py", line 294, in CalFitness
    Delay = o1 * calCoPhase(o2, l, Vup, Vdown, list, Qup, Qdown, Mui, lamda, Muik) + (1 - o1) * calOthPhase(list[0], q, lamda,
  File "/Users/chuwenjie/PycharmProjects/TrafficSigOpt/GBFAPSO.py", line 196, in calCoPhase
    2 * (Mui[i+1] - Qup[i+1])) + (1 - alphai[i]) * pow(list[0] * (1 - lamda[i][1]), 2) * Qup[i+1] * Mui[i+1] / (
ZeroDivisionError: float division by zero

Process finished with exit code 1
