0
0 0.00278573284057 0.135135135135
1 0.00117931481809 0.333333333333
2 0.000324997223125 0.0697674418605
3 0.000879705107549 0.108108108108
1
0 0.00103611230447 0.142857142857
1 0.00259644188049 0.132231404959
2 0.00183700962049 0.307692307692
3 0.00101948662564 0.131578947368
2
0 0.000423289782922 0.0714285714286
1 0.00240395404897 0.111940298507
2 0.00195517982999 0.105263157895
3
0 0.000764820345262 0.0882352941176
1 0.00343888200955 0.186666666667
2 0.00352653173023 0.225806451613
3 0.00211345629242 0.263157894737
4 0.00192429661781 0.121951219512
4
0 8.84486113568e-05 0.0416666666667
1 0.00304700497101 0.157303370787
2 0.00169035123926 0.111111111111
5
0 0.00169315913169 0.142857142857
1 0.00407391663652 0.164179104478
2 0.003755664113 0.192307692308
3 0.00387251094071 0.239130434783
6
0 0.00206380093166 0.2
1 0.00401151306091 0.166666666667
2 0.00323913157807 0.148648648649